%YAML:1.0
---
data: !!opencv-matrix
   rows: 36
   cols: 36
   dt: f
   data: [ 5.83038256e-02, 2.35303082e-02, -7.28125870e-02,
       1.60854235e-02, -2.13434517e-01, 1.14171626e-02, 4.62969905e-03,
       3.76757863e-03, -3.97730440e-01, 9.88565478e-03, -4.13237547e-04,
       9.58658382e-03, -1.12530906e-04, -2.41796602e-04, 3.28382848e-05,
       1.82008764e-04, -2.61279464e-01, 4.51601343e-03, -7.55718967e-04,
       3.68533819e-03, 4.70733177e-03, 1.29136664e-03, -9.25793836e-04,
       3.63024836e-03, -2.55030027e-04, -4.26688028e-04, 1.37821888e-03,
       -1.17021687e-01, 1.36480096e-03, 1.31913712e-02, 5.06373402e-03,
       1.85766481e-02, 8.20467342e-03, 6.34672167e-03, 1.73355825e-02,
       8.38688016e-01, -3.31499994e-01, -2.97688305e-01, 8.56146868e-03,
       -7.26138949e-02, 2.44083732e-01, -5.52047342e-02, -3.66323479e-02,
       -3.79208811e-02, 4.91237164e-01, -5.35926446e-02, -2.54440550e-02,
       -2.48332992e-02, -1.97855085e-02, -2.56242529e-02,
       -2.77290028e-02, -2.00069807e-02, 4.10894811e-01, -1.75997540e-02,
       -2.63167415e-02, -1.33969933e-02, -1.76072642e-02,
       -3.75628434e-02, -7.63131771e-03, -1.36700971e-02,
       -2.57739425e-02, -2.58947667e-02, -3.82047594e-02, 8.86543170e-02,
       -3.17781512e-03, -3.92414667e-02, -1.76586229e-02,
       -5.88008873e-02, -6.14789389e-02, -4.67814393e-02,
       -2.43548274e-01, 4.79408175e-01, -1.65448934e-01, -1.67103931e-01,
       -1.10824011e-01, -1.01932809e-02, -8.48568529e-02,
       -3.38487700e-02, -2.16159932e-02, -2.42098849e-02,
       -1.49760559e-01, 3.18531645e-03, -1.62053201e-02, 2.90246364e-02,
       7.06795929e-03, -1.60893053e-02, -1.62065364e-02, -3.78020224e-03,
       1.14457041e-01, -5.33980923e-03, -1.57892779e-02, -1.84975867e-03,
       -5.94748324e-03, -1.97664239e-02, -7.12937908e-03,
       -2.96475040e-03, -1.53042851e-02, -1.58892777e-02,
       -1.93048567e-02, -4.16728817e-02, 9.61974263e-03, 9.34965134e-01,
       -4.80250642e-03, 2.68291626e-02, -3.23283970e-02, -1.11362403e-02,
       -3.60466987e-02, -6.97303414e-02, -9.66772810e-02,
       -1.40724167e-01, 1.99254259e-01, -2.95280218e-02, 2.47000054e-01,
       -5.40580451e-02, -1.97740775e-02, -1.88386794e-02,
       -6.93808854e-01, -3.97952199e-02, 1.75276250e-02, -1.71814691e-02,
       3.28283682e-02, 1.66066401e-02, 9.53854155e-03, 3.41114327e-02,
       4.30112273e-01, -9.28909890e-03, 1.62084904e-02, -3.05117434e-03,
       -1.45592289e-02, -1.30511718e-02, 1.01949163e-02, -2.55903509e-03,
       1.65791698e-02, 1.68779995e-02, -1.42433494e-02, 4.03478652e-01,
       -3.47770541e-03, -1.48650274e-01, -1.06474655e-02,
       -2.24559684e-03, -6.58334866e-02, -3.30816954e-02, 2.36179288e-02,
       -4.26326059e-02, 1.32192284e-01, -5.21439388e-02, 4.70555425e-01,
       -8.48141238e-02, 4.03906822e-01, 2.67238505e-02, 1.43379504e-02,
       1.57460049e-02, 2.22464409e-02, -2.04741389e-01, 2.16239151e-02,
       -6.57616034e-02, -1.38985375e-02, 2.02420875e-02, 1.30561544e-02,
       -1.80176180e-02, -5.43013334e-01, -6.79501798e-03, 1.24556692e-02,
       -6.64313557e-03, -1.02880578e-02, -1.57764442e-02, 2.60260906e-02,
       -6.36327360e-03, 2.99368054e-02, 3.09162196e-02, -2.08090451e-02,
       2.06089914e-01, -5.43406792e-03, 1.81190342e-01, -9.73279029e-03,
       -1.41459078e-01, 5.27891796e-03, -7.40636662e-02, -3.72552723e-01,
       1.91838257e-02, 7.09193408e-01, -1.56233251e-01, -1.31994680e-01,
       1.51218809e-02, -1.26104012e-01, 9.36877206e-02, 1.48807513e-02,
       1.99352317e-02, -4.55621965e-02, -1.65889069e-01, 4.78917407e-03,
       -3.10857152e-03, -1.27861267e-02, 2.32178695e-03, -6.06673444e-03,
       -1.24279577e-02, 3.44517440e-01, 3.95721868e-02, -8.82494822e-03,
       2.68707126e-02, 2.80252397e-02, -1.30158290e-02, 1.40234083e-02,
       2.68561989e-02, 8.61992408e-03, 1.04456311e-02, -3.09342425e-02,
       -1.51448354e-01, 3.47969565e-03, 2.31161038e-03, 3.26821655e-02,
       -4.07964364e-02, 6.71172142e-02, -5.21306321e-02, -4.92480516e-01,
       -1.35578429e-02, 1.05297700e-01, -3.48536193e-01, -1.57433527e-03,
       -8.58780369e-02, -4.78614718e-01, 1.06201731e-01, 1.06280278e-02,
       1.13236252e-02, 1.77684560e-01, -3.12104464e-01, 2.11913772e-02,
       -4.80680391e-02, 3.68744470e-02, 1.90975890e-02, -4.47848924e-02,
       3.84873264e-02, -9.69002172e-02, 6.96628587e-03, -3.94518599e-02,
       1.03228949e-02, -1.06552208e-04, 1.53932320e-02, 3.46299857e-02,
       1.16898231e-02, 3.73519547e-02, 3.72593701e-02, 9.43895057e-03,
       5.63486099e-01, -6.14196109e-03, 1.06491265e-03, 4.92512295e-03,
       -3.54679041e-02, 1.33564994e-01, -2.04740927e-01, 2.97022790e-01,
       1.22671742e-02, -1.67348519e-01, 5.02020121e-01, 2.72352219e-01,
       -1.96089059e-01, -4.89580661e-01, 4.11388762e-02, 1.41536407e-02,
       4.67794482e-03, 3.55091095e-02, 2.15143040e-01, 7.94250146e-02,
       -1.02021098e-01, -2.86848340e-02, 9.24275219e-02, 8.29254538e-02,
       -3.06745246e-02, 1.72052786e-01, -3.69406231e-02, 8.04392621e-02,
       -3.92772295e-02, -4.27251644e-02, -1.01175327e-02, 2.62106229e-02,
       -3.89323533e-02, 3.68307121e-02, 3.05685587e-02, 1.75120379e-03,
       1.97260574e-01, -2.04668529e-02, 4.24156114e-02, -5.23353666e-02,
       -2.57406384e-01, -4.86077219e-02, -2.38480344e-02,
       -3.54566783e-01, 1.06521240e-02, 3.60278250e-03, -2.97084805e-02,
       5.64823866e-01, -2.34193102e-01, -6.88918084e-02, 7.81826526e-02,
       4.60875370e-02, 5.58751337e-02, -3.01240641e-03, -3.19454312e-01,
       -9.75648966e-03, -1.50751814e-01, -1.16148610e-02,
       -1.64202775e-03, -3.97706870e-03, -8.15103948e-03, 2.30819225e-01,
       -3.46571840e-02, -4.27525379e-02, -2.35347934e-02,
       -2.03744676e-02, 2.02869866e-02, 1.63751561e-02, -1.92001518e-02,
       3.30459662e-02, 2.82910485e-02, 5.08385012e-03, -5.21399260e-01,
       -2.16551330e-02, 3.54654863e-02, -1.71505921e-02, -7.19174519e-02,
       1.47558406e-01, -4.01957519e-02, 3.46917093e-01, 3.15375701e-02,
       2.83093125e-01, -2.71535069e-01, -5.09602837e-02, -4.77776319e-01,
       1.03383556e-01, -5.14774807e-02, -1.25824466e-01, -1.13761187e-01,
       4.07847054e-02, 4.77046341e-01, 1.11249216e-01, -9.85604450e-02,
       -9.32416469e-02, 1.05811663e-01, 1.45393610e-01, -9.94597599e-02,
       -3.87529209e-02, -3.84234264e-02, 1.34753764e-01, -3.11752874e-02,
       -6.17488287e-02, -7.30248913e-02, 3.78554836e-02, -3.25079598e-02,
       8.72699171e-02, 9.36171040e-02, -1.37240738e-01, 2.20494643e-02,
       -1.84263885e-02, 3.25484984e-02, -3.54312398e-02, -2.73249388e-01,
       -6.68416023e-02, 2.45409682e-01, 2.42218256e-01, 2.78117638e-02,
       -1.08251780e-01, -5.01388609e-01, 3.86658728e-01, 1.66655555e-01,
       -3.30177009e-01, -1.74738377e-01, -3.53447087e-02,
       -4.99419086e-02, -1.96934640e-02, 3.13565850e-01, 5.93775176e-02,
       2.06321299e-01, 9.26817358e-02, 6.55366033e-02, 5.88311329e-02,
       9.12572592e-02, -1.08164936e-01, -1.75683387e-02, 6.78057969e-02,
       2.12850943e-02, -4.04912867e-02, 3.03412825e-02, 2.33670715e-02,
       2.29619127e-02, 2.59069260e-02, 4.07351516e-02, 4.20243666e-02,
       -1.64467275e-01, 2.39422992e-02, -1.26310751e-01, -1.12742506e-04,
       3.25070918e-01, -9.37938988e-02, 4.34729569e-02, -2.27807447e-01,
       -1.01088502e-01, -3.45610172e-01, -2.30873853e-01,
       -2.58082032e-01, -1.77528203e-01, 3.09070516e-02, 3.61480683e-01,
       9.46886688e-02, 9.93985012e-02, -1.61306873e-01, 4.92768772e-02,
       1.11194409e-01, -4.97312248e-02, 8.39995816e-02, 9.79421586e-02,
       5.10321409e-02, 8.03919360e-02, -1.01571985e-01, 5.19559253e-05,
       6.34870976e-02, 3.43530253e-03, -1.19525045e-02, 1.77367643e-01,
       4.31456901e-02, 3.09494138e-03, 7.01434612e-02, 7.77904764e-02,
