%YAML:1.0
---
data: !!opencv-matrix
   rows: 36
   cols: 36
   dt: f
   data: [ 8.39263797e-02, 4.93410379e-02, -7.17441663e-02,
       2.09019408e-02, -2.35961288e-01, 1.72689892e-02, 4.29102033e-03,
       4.14142013e-03, -4.49315518e-01, 1.41520314e-02, 4.75871703e-03,
       1.19844703e-02, -9.96883027e-04, 4.41774400e-03, 3.47925094e-03,
       -1.09860324e-03, -2.94749320e-01, 8.70516710e-03, 2.26922845e-03,
       6.70283707e-03, 8.35447758e-03, 1.71303248e-03, 1.12626085e-03,
       6.69847382e-03, 3.91570851e-03, 3.71810840e-03, 2.01897696e-03,
       -1.06161907e-01, 2.07672641e-03, 1.03008198e-02, 8.78076255e-03,
       2.30996571e-02, 1.41008860e-02, 9.36614256e-03, 3.73512171e-02,
       7.91083932e-01, -2.62689233e-01, -2.65441388e-01, 2.79179644e-02,
       -8.58414471e-02, 2.48121396e-01, -5.73691353e-02, -3.74678783e-02,
       -3.74961123e-02, 4.92124826e-01, -4.75770943e-02, -2.88739540e-02,
       -3.61356735e-02, -2.31081340e-02, -2.70385593e-02,
       -2.67702918e-02, -2.41415184e-02, 3.45102191e-01, -2.46381201e-02,
       -2.67277844e-02, -1.96204372e-02, -2.65176855e-02,
       -3.69881615e-02, -9.03288461e-03, -2.02263482e-02,
       -2.80613769e-02, -2.78964955e-02, -3.74656767e-02, 6.26123473e-02,
       -6.12493372e-03, -3.24643143e-02, -2.60075741e-02,
       -7.18873218e-02, -6.35727271e-02, -4.42714915e-02,
       -2.76403338e-01, 5.62119901e-01, -2.30355591e-01, -2.24124923e-01,
       -2.33325869e-01, -2.20300108e-02, -1.91134095e-01,
       -5.39899804e-02, -3.12366690e-02, -3.47570628e-02, 7.59423673e-02,
       1.00825178e-02, -3.19929197e-02, 1.71109773e-02, -6.97525777e-03,
       -3.05480622e-02, -2.34014224e-02, -1.32801589e-02, 2.48063430e-01,
       -1.18955821e-02, -2.35028230e-02, -8.94749444e-03,
       -8.81058630e-03, -1.54071702e-02, -1.54153043e-02,
       -9.46951099e-03, -2.88639311e-02, -2.98949312e-02,
       -1.59603506e-02, 1.15269525e-02, 7.01788580e-04, 1.36798737e-03,
       -9.46261548e-03, 6.62025362e-02, -3.12491078e-02, -5.72955352e-04,
       8.46910179e-01, 5.90192229e-02, -1.42209366e-01, -1.46613568e-01,
       3.89029980e-01, -9.73883495e-02, 3.78309578e-01, -5.30230366e-02,
       -2.05238089e-02, -1.39796957e-02, -5.91766477e-01,
       -9.39577296e-02, 5.46888355e-03, -5.33664674e-02, 2.39768084e-02,
       7.58346636e-03, -1.36308162e-03, 2.26897169e-02, 2.28003606e-01,
       -2.62983982e-02, 6.72866218e-03, -1.70212612e-02, -3.73300910e-02,
       -1.45245958e-02, 7.97924213e-03, -1.71183106e-02, 1.14162778e-02,
       1.62886959e-02, -2.36068536e-02, 4.54017073e-01, -1.05565023e-02,
       -3.92793380e-02, -3.13187204e-02, -7.40158036e-02,
       -6.20527342e-02, -6.94440380e-02, 9.44570825e-02, -1.00603625e-02,
       -1.11540847e-01, 7.12379115e-03, 3.41018379e-01, -8.01566467e-02,
       3.90313774e-01, 1.10463994e-02, 4.26412513e-03, 6.37302781e-03,
       2.91576952e-01, -7.15315938e-02, -2.03955825e-03, -6.04445376e-02,
       -2.89985389e-02, -3.02263023e-03, -9.08004493e-03,
       -2.34121457e-02, -6.87907994e-01, -2.22955123e-02,
       -3.97254247e-03, -1.59727000e-02, -2.16795262e-02,
       -1.01568820e-02, 4.76849312e-03, -1.45377563e-02, 3.53392772e-03,
       5.24070393e-03, -1.00126760e-02, -6.20324425e-02, -1.15689524e-02,
       -3.78660522e-02, -2.59433482e-02, -1.38120323e-01, 1.92169584e-02,
       -2.21301150e-02, 3.36435676e-01, 5.33513017e-02, 5.20939112e-01,
       -1.80708483e-01, 8.48078430e-02, -2.42268115e-01, -3.68156105e-01,
       1.64092362e-01, -2.05285903e-02, -1.39938230e-02, 2.19801411e-01,
       -1.96951017e-01, 4.62225638e-02, -1.33651018e-01, -3.94421816e-02,
       4.52805459e-02, -3.00617740e-02, -4.07828055e-02, -4.47084606e-02,
       -4.67056129e-03, -1.75855849e-02, 2.76896218e-03, -4.28857729e-02,
       -1.56961698e-02, 5.53270914e-02, -9.74153772e-06, 4.53758724e-02,
       5.80471046e-02, -3.05533186e-02, 4.86183822e-01, -2.70079654e-02,
       -7.89500996e-02, -3.40668112e-02, -2.33027369e-01, 1.20829649e-01,
       -1.48460209e-01, 5.26420549e-02, 4.08260040e-02, 6.04733050e-01,
       -3.82585198e-01, -3.58923115e-02, -6.49293725e-06, 3.92738372e-01,
       -1.28183607e-02, -7.52734244e-02, -4.59012464e-02,
       -1.06454246e-01, -1.11237288e-01, -6.96860394e-03, 2.42878385e-02,
       -2.13026255e-02, -7.27220671e-03, -2.11733747e-02,
       -3.21798325e-02, 1.65789425e-01, 3.28341946e-02, -2.56977081e-02,
       2.94659026e-02, -2.40179477e-03, -5.32724373e-02, 1.19182803e-02,
       3.43715996e-02, 9.63545928e-04, 1.54154364e-03, -8.34591389e-02,
       -4.91519481e-01, 9.96729732e-03, 4.15130183e-02, 3.04776058e-02,
       -2.50909477e-02, 2.70324443e-02, 1.70730799e-02, 1.04271092e-01,
       5.31414570e-03, 5.21397702e-02, 5.65645576e-01, 3.40653569e-01,
       -1.92498744e-01, -9.14357752e-02, 4.88686450e-02, -1.03203580e-03,
       1.03673162e-02, 2.43101437e-02, 6.37931004e-02, 4.66299355e-02,
       -1.55425817e-01, -4.76666614e-02, 4.88989949e-02, 2.77558379e-02,
       -4.33811583e-02, 3.65131795e-01, -6.83381334e-02, 1.80678386e-02,
       -4.37801778e-02, -1.16786435e-01, -4.98417877e-02, 1.40835131e-02,
       -4.51341607e-02, 1.75129212e-02, 1.51859028e-02, -6.39694110e-02,
       -3.36976200e-01, -3.89468633e-02, -1.17653064e-01,
       -1.14117399e-01, -3.72176290e-01, -1.31030567e-02, 2.38401350e-02,
       1.55206680e-01, 8.09991658e-02, -2.68653184e-01, -3.43239605e-01,
       4.92330313e-01, -7.41267065e-03, -3.68873745e-01, 1.50035590e-01,
       1.08078085e-01, 9.66843218e-02, -4.11716290e-02, -2.97718376e-01,
       3.75915915e-02, -1.10389723e-03, 7.03568086e-02, 2.66107675e-02,
       -2.63458979e-03, 4.39342484e-02, 4.76134904e-02, 6.37388006e-02,
       -4.17315289e-02, 2.55187806e-02, 1.57967806e-01, 4.80992645e-02,
       4.36065607e-02, 3.07224058e-02, 2.12104023e-02, 3.32083134e-03,
       7.61726871e-02, -3.53090972e-01, 6.35164231e-03, -1.78179564e-03,
       1.35805592e-01, 1.19523868e-01, 2.35316411e-01, -1.36578396e-01,
       -8.06054920e-02, -7.45072737e-02, 2.41186246e-01, 2.07403153e-02,
       4.44880873e-01, 2.86020070e-01, -2.17130467e-01, -4.09340322e-01,
       -5.35703972e-02, -4.50073890e-02, 1.42962992e-01, -3.22088487e-02,
       -7.13745132e-02, 1.33037329e-01, 5.23381084e-02, -6.18094653e-02,
       -3.62837203e-02, 4.61170785e-02, 1.33966804e-02, -8.52592736e-02,
       -2.67576575e-02, -1.21416561e-02, -1.35946289e-01,
       -4.14634570e-02, -5.62147535e-02, -1.24881240e-02,
       -7.46991634e-02, -7.13346079e-02, -2.44059525e-02, 5.75578846e-02,
       2.25728434e-02, 1.00848958e-01, -1.18282758e-01, 3.11639130e-01,
       -4.57479775e-01, 8.19923878e-02, 4.09029052e-02, 4.38347161e-02,
       2.27529928e-02, 2.18345180e-01, -1.92671735e-02, 3.44339967e-01,
       3.90526056e-02, -5.93631063e-03, 6.57268092e-02, -2.38247365e-02,
       1.79011486e-02, -2.54695028e-01, -9.43423361e-02, 1.12516761e-01,
       -1.60114005e-01, -9.08951238e-02, -1.09706923e-01,
       -1.57752424e-01, 4.87932228e-02, 2.15331763e-01, -1.58692315e-01,
       3.66961211e-02, 5.30192375e-01, -1.94728941e-01, -1.62274595e-02,
       3.83516401e-02, -1.07819125e-01, -9.64080095e-02, -1.87939420e-01,
       9.17007551e-02, 4.56810072e-02, 1.93214379e-02, 2.93921620e-01,
       -2.44490430e-01, -1.22290365e-01, -2.02206776e-01, 5.36278524e-02,
       2.86191776e-02, -6.96114898e-02, -3.32527071e-01, 1.53940052e-01,
       -3.68292779e-02, -1.82190269e-01, -1.13665417e-01,
       -6.49319366e-02, -9.65987071e-02, -3.37009951e-02, 5.43247044e-01,
       1.04510099e-01, 1.53911650e-01, -1.21362738e-01, 8.66237357e-02,
       1.96756735e-01, -1.00221492e-01, -7.80114010e-02, 8.58803764e-02,
       5.39865494e-02, 6.53438829e-03, 1.10632688e-01, -1.90516233e-01,
       2.94925123e-02, 1.64995063e-02, 3.04445066e-02, 6.13029636e-02,
