%YAML:1.0
---
data: !!opencv-matrix
   rows: 36
   cols: 36
   dt: f
   data: [ 4.84914370e-02, 2.79336348e-02, -6.94501773e-02,
       1.55737614e-02, -2.13919178e-01, 1.50227873e-02, 3.78568913e-03,
       3.11554666e-03, -4.06869709e-01, 1.09208515e-02, 3.14612011e-03,
       1.04452483e-02, -1.39054633e-03, 3.44869425e-03, 1.02318637e-03,
       -2.42969196e-04, -2.67002285e-01, 7.13360915e-03, 1.11175538e-03,
       5.28743397e-03, 7.06279930e-03, 1.85417070e-04, 5.27963159e-04,
       5.41426288e-03, 2.07997113e-03, 1.76862441e-03, 8.78750507e-05,
       -1.08786643e-01, 1.93497736e-03, 1.05705801e-02, 7.25622615e-03,
       1.40225990e-02, 1.06689706e-02, 7.16287084e-03, 8.15332867e-03,
       8.34331393e-01, -2.51116663e-01, -2.62735456e-01, 3.22572626e-02,
       -8.33026916e-02, 2.75778770e-01, -6.29001632e-02, -3.91009375e-02,
       -4.00682837e-02, 5.16558945e-01, -5.11779599e-02, -2.92043649e-02,
       -3.86424847e-02, -2.31330115e-02, -2.87758652e-02,
       -2.89032925e-02, -2.18814947e-02, 3.95380914e-01, -2.62949429e-02,
       -2.77052410e-02, -2.19711922e-02, -2.81031933e-02,
       -3.82667966e-02, -9.86840483e-03, -2.24759150e-02,
       -2.96752844e-02, -2.95558553e-02, -3.97191904e-02, 7.97702745e-02,
       -6.93231355e-03, -4.53060605e-02, -2.88108941e-02,
       -1.16180085e-01, -7.24072009e-02, -4.79840934e-02,
       -2.45023251e-01, 4.97474521e-01, -1.59485832e-01, -1.95727021e-01,
       -1.42437056e-01, -2.37612836e-02, -9.27237347e-02,
       -5.08755632e-02, -2.92140599e-02, -3.08782961e-02,
       -9.14077740e-03, -3.77917453e-03, -2.80705877e-02, 3.20005417e-02,
       -1.46573619e-03, -2.85345241e-02, -2.41258554e-02, 2.19276501e-03,
       9.27437395e-02, -1.02140540e-02, -2.58308984e-02, -6.52537623e-04,
       -7.16920849e-03, -1.99372172e-02, -1.28054200e-02, 1.08104467e-03,
       -2.57549267e-02, -2.36186944e-02, -1.25706419e-02,
       -7.06562847e-02, 1.45501215e-02, 8.85403380e-02, 3.52661125e-03,
       9.31521535e-01, -3.84198837e-02, -9.58560873e-03, -7.11941421e-02,
       -1.75561067e-02, -4.81497906e-02, -1.39068812e-01, 3.62533361e-01,
       -7.60818049e-02, 3.83406758e-01, -6.03364892e-02, -2.23060362e-02,
       -1.66600347e-02, -6.36659205e-01, -9.93985981e-02, 1.61475893e-02,
       -4.53656353e-02, 3.52083743e-02, 1.30410492e-02, 3.35677993e-03,
       3.55508178e-02, 2.40119994e-01, -1.91386603e-02, 1.41915875e-02,
       -8.60682130e-03, -3.24288122e-02, -1.58608016e-02, 1.03118625e-02,
       -8.94062687e-03, 1.77225955e-02, 1.98887028e-02, -2.30767559e-02,
       4.23109531e-01, -5.88058122e-03, -4.40724678e-02, -2.27558892e-02,
       4.51609977e-02, -8.70973989e-02, -6.30378798e-02, -1.10134095e-01,
       -3.48496027e-02, -1.70374334e-01, -1.10113285e-01,
       -2.95137882e-01, 5.55304438e-02, -2.25232527e-01, -5.94147481e-02,
       -2.26616785e-02, -2.53781639e-02, -2.29313076e-01, 9.57778394e-02,
       -2.55917050e-02, 7.22417012e-02, 2.73425486e-02, -2.23770719e-02,
       -1.22583294e-02, 2.83871032e-02, 4.93648827e-01, 1.25126785e-03,
       -1.69018712e-02, 2.84800259e-03, 6.93908078e-07, -6.80395262e-03,
       -2.15948448e-02, 4.87433420e-03, -2.47712601e-02, -2.99198180e-02,
       -4.05273912e-03, -5.68578653e-02, 1.54393045e-02, 6.28391266e-01,
       4.06356063e-03, -2.31839046e-01, -4.16792892e-02, 3.67836319e-02,
       2.01874793e-01, -3.74485292e-02, 3.36569920e-02, -6.20015897e-02,
       2.12509602e-01, -7.82928988e-02, 1.96019441e-01, 1.96117945e-02,
       -7.04898732e-03, -2.53906706e-03, 1.12491101e-01, -1.00295603e-01,
       6.30760193e-03, -4.67079729e-02, -2.73421165e-02, 3.29267164e-03,
       -6.53869286e-03, -2.93008704e-02, -4.68269318e-01,
       -6.17736205e-03, -1.48768257e-03, -3.46216140e-03,
       -7.76544120e-03, -1.94690321e-02, 1.30598880e-02, -2.67739547e-03,
       9.55596007e-03, 1.00792199e-02, -2.57148333e-02, -7.95727782e-03,
       4.36314475e-03, 7.23897696e-01, -6.78478088e-03, -5.68212615e-03,
       9.03849781e-04, -3.90353277e-02, -3.61745477e-01, -3.00589148e-02,
       -5.63996494e-01, 8.65525380e-02, 6.32487535e-02, 9.73588899e-02,
       3.78998309e-01, -1.75073370e-01, -9.97629575e-03, -1.62820797e-02,
       3.11629064e-02, 1.47010535e-01, -5.65109365e-02, 6.33223131e-02,
       2.65584961e-02, -5.21596372e-02, -1.37914298e-02, 1.20416507e-02,
       -3.15781087e-01, -5.03813699e-02, -1.86741967e-02,
       -2.85448246e-02, -2.87134666e-02, 9.85726528e-03, -4.92224172e-02,
       -2.98587549e-02, -5.27925044e-02, -4.91416305e-02, 2.37589162e-02,
       -3.28372531e-02, 9.28080175e-03, 3.24318074e-02, -3.46382223e-02,
       1.74427051e-02, -1.16269186e-01, 9.83655378e-02, 5.57668447e-01,
       3.75007279e-02, -1.50851384e-02, -3.07681024e-01, 8.78450274e-02,
       -1.96386650e-01, -3.88998598e-01, 9.97377038e-02, 3.03315301e-03,
       2.96136318e-03, 1.91112280e-01, -2.39358023e-01, 1.67517196e-02,
       -1.08496405e-01, 3.29150185e-02, 1.75493583e-02, -4.40821648e-02,
       2.38536857e-02, -1.61406621e-01, -2.55562477e-02, -3.33997309e-02,
       -1.61184967e-02, -3.09300032e-02, 2.61576492e-02, 3.66568342e-02,
       -1.25261368e-02, 2.38170642e-02, 2.53868476e-02, 2.09738258e-02,
       5.67371726e-01, -1.33862970e-02, 6.00387156e-02, -3.36425155e-02,
       3.21838632e-03, 1.30361527e-01, -1.96986884e-01, 4.13414299e-01,
       3.66489999e-02, -2.96316683e-01, 6.50965810e-01, 1.82455480e-01,
       -9.50902998e-02, -3.53904366e-01, -4.00579982e-02, 2.54790410e-02,
       1.33238761e-02, 7.77474865e-02, 2.16688946e-01, 2.02060919e-02,
       -8.63787755e-02, -4.95129414e-02, 1.98741760e-02, 4.95794527e-02,
       -3.94809842e-02, 8.80609527e-02, -7.97012150e-02, 5.71235195e-02,
       -7.84096718e-02, -8.58920366e-02, -2.13497393e-02,
       -1.89640075e-02, -7.51348734e-02, -1.59122571e-02,
       -1.99395958e-02, 2.73842295e-03, 3.23792130e-01, -2.80590653e-02,
       5.88233769e-02, -9.64720473e-02, 6.74237832e-02, -1.90273181e-01,
       1.41663812e-02, -2.28365526e-01, 3.44365463e-02, 3.87419425e-02,
       1.01008803e-01, 5.13718128e-01, -3.72329652e-01, -5.11207394e-02,
       7.43692070e-02, 8.76499899e-03, 1.12693924e-02, 5.15589351e-03,
       -1.48397610e-01, 4.72902283e-02, -2.52191335e-01, -3.98816429e-02,
       4.43963856e-02, 4.56088446e-02, -2.94006635e-02, 2.37602189e-01,
       -7.44303390e-02, 1.53169865e-02, -5.12589589e-02, -1.42519459e-01,
       -1.81272887e-02, 2.64319219e-02, -5.15335575e-02, 3.54963914e-02,
       5.02778701e-02, 8.86722468e-04, -5.20320594e-01, -3.64452116e-02,
       7.30856359e-02, -7.28942677e-02, 6.83721676e-02, 1.42907843e-01,
       -1.64691806e-02, 2.83882290e-01, 4.13226597e-02, -3.91906649e-01,
       -5.92390932e-02, 2.98534274e-01, 4.32360232e-01, -2.49920860e-01,
       3.52345407e-04, 1.69766277e-01, 1.52487576e-01, -4.67634238e-02,
       -3.28416318e-01, -6.66873157e-02, 6.39883429e-02, 1.34415627e-01,
       -5.48849776e-02, -6.62345514e-02, 1.41372412e-01, 1.73147190e-02,
       4.39662598e-02, -9.05826911e-02, 2.37250924e-02, 2.22776607e-01,
       1.70132622e-01, -2.13235449e-02, 2.21818611e-02, -6.85822368e-02,
       -8.11194852e-02, 2.01230377e-01, -1.76723912e-01, 9.24878847e-03,
       -6.59959838e-02, 5.65645732e-02, -6.68097287e-02, 1.36106074e-01,
       -2.06547692e-01, -1.94966272e-01, -5.86221404e-02, 5.96192479e-02,
       -3.81186545e-01, 4.43032980e-01, 9.23473984e-02, -3.26680392e-01,
       -2.95048565e-01, -1.36168078e-01, -9.94051993e-02, 5.33237420e-02,
       3.22675943e-01, 4.24913019e-02, 3.43596071e-01, 4.16756198e-02,
       3.65724042e-02, 9.32568982e-02, 4.36596014e-02, -6.51498586e-02,
       -3.74287404e-02, 4.61890735e-02, 2.90884916e-02, -1.28744498e-01,
       -7.50701129e-02, 1.91698654e-03, 3.11862547e-02, 4.69272323e-02,
       5.45245297e-02, -1.40519410e-01, -6.33333847e-02, 6.70209005e-02,
