%YAML:1.0
---
data: !!opencv-matrix
   rows: 36
   cols: 144
   dt: f
   data: [ 1.85794774e-02, 8.35716538e-03, -3.92518863e-02,
       6.92506088e-03, -1.13823138e-01, 6.18494768e-03, 1.09879393e-03,
       7.86352030e-04, -2.17471167e-01, 5.58417989e-03, 9.32092487e-04,
       6.03321660e-03, -8.90195079e-04, 1.27701054e-03, 9.24698470e-05,
       2.86579540e-04, -1.39547318e-01, 3.20545933e-03, 1.12699454e-04,
       2.51958543e-03, 3.11395666e-03, -8.05589079e-04, 6.36986151e-05,
       2.41215271e-03, 5.57657448e-04, 3.78143013e-04, -6.61793631e-04,
       -5.77270389e-02, 9.55154595e-04, 5.24220476e-03, 3.30859236e-03,
       3.48117133e-03, 4.01254464e-03, 3.32600949e-03, 3.71561316e-03,
       4.77639824e-01, 2.55432539e-02, 1.40726110e-02, -3.37392129e-02,
       7.78277777e-03, -1.09428227e-01, 7.85119459e-03, 2.13342719e-03,
       1.45199953e-03, -2.13041171e-01, 6.31311489e-03, 1.91196287e-03,
       4.77387244e-03, -1.99185553e-04, 2.12642038e-03, 7.96684530e-04,
       -1.75211535e-04, -1.41988665e-01, 3.61405313e-03, 9.45572741e-04,
       2.54655792e-03, 3.29401693e-03, -1.65987556e-04, 5.03844640e-04,
       2.90103606e-03, 1.59487361e-03, 1.31051592e-03, -6.85727628e-06,
       -5.67755178e-02, 8.39609362e-04, 4.55344841e-03, 3.60806589e-03,
       4.58313711e-03, 5.80009958e-03, 3.60244908e-03, 2.29704566e-03,
       4.38760608e-01, 2.29097996e-02, 1.29256761e-02, -3.32353599e-02,
       7.31779542e-03, -1.02281615e-01, 6.93742419e-03, 1.99545361e-03,
       1.54569221e-03, -1.91976026e-01, 4.34576208e-03, 1.36416918e-03,
       4.37739585e-03, -8.72521603e-04, 1.00695854e-03, -1.25157576e-05,
       2.80883796e-06, -1.24073468e-01, 3.36519955e-03, 3.72761744e-04,
       2.50536413e-03, 3.47764697e-03, 8.66256829e-04, 9.14055054e-05,
       2.44199461e-03, 4.43394529e-04, 5.16794331e-04, -5.08053054e-05,
       -5.02393469e-02, 9.80594661e-04, 5.37893223e-03, 3.42267123e-03,
       8.89551826e-03, 4.60622739e-03, 3.06676351e-03, 3.85289593e-03,
       3.93734217e-01, 2.61254292e-02, 1.68905277e-02, -3.13844457e-02,
       7.89132342e-03, -9.63228345e-02, 8.05849396e-03, 1.76462857e-03,
       1.92478078e-03, -1.81226552e-01, 4.80017578e-03, 1.67695782e-03,
       5.07163350e-03, -9.92200221e-04, 2.07724143e-03, 7.97414395e-04,
       -8.67037917e-04, -1.21044725e-01, 3.65780666e-03, 4.10578767e-04,
       2.68420135e-03, 3.85007192e-03, -8.24725430e-05, 2.47880525e-04,
       2.75470014e-03, 1.16044492e-03, 9.25198838e-04, 4.10894310e-04,
       -5.07861823e-02, 1.00515387e-03, 5.54056047e-03, 3.79285309e-03,
       1.02911573e-02, 5.86054195e-03, 3.63535387e-03, 3.29996319e-03,
       3.56102467e-01, -1.29486442e-01, -1.38548955e-01, 1.19426716e-02,
       -4.42914553e-02, 1.36516407e-01, -3.20336260e-02, -2.03571562e-02,
       -2.03831438e-02, 2.68006712e-01, -2.77193841e-02, -1.52536128e-02,
       -1.99994128e-02, -1.26784779e-02, -1.51857436e-02,
       -1.52392816e-02, -1.18217357e-02, 2.04102606e-01, -1.31120970e-02,
       -1.48294382e-02, -1.13780303e-02, -1.38768433e-02,
       -2.01617330e-02, -5.18201757e-03, -1.14615140e-02,
       -1.55921411e-02, -1.51707437e-02, -2.11556740e-02, 3.53132263e-02,
       -3.46642453e-03, -2.21168753e-02, -1.48280812e-02,
       -8.37682486e-02, -3.66754830e-02, -2.50500180e-02,
       -1.28777519e-01, 3.03702950e-01, -1.27466694e-01, -1.34263963e-01,
       1.28713921e-02, -4.22974937e-02, 1.34404466e-01, -3.22457999e-02,
       -1.99437402e-02, -2.09048726e-02, 2.59563655e-01, -2.41526663e-02,
       -1.50810145e-02, -1.98527519e-02, -1.20280618e-02,
       -1.48554305e-02, -1.48884337e-02, -1.19830417e-02, 2.01910555e-01,
       -1.29738720e-02, -1.41616240e-02, -1.07683120e-02,
       -1.37280868e-02, -1.99144930e-02, -5.07310452e-03,
       -1.10888649e-02, -1.54295601e-02, -1.51145793e-02,
       -1.96447484e-02, 3.56009863e-02, -3.41616757e-03, -2.23873109e-02,
       -1.42024476e-02, -6.22501969e-02, -3.63055058e-02,
       -2.41929758e-02, -1.28225654e-01, 2.74485648e-01, -1.23976678e-01,
       -1.27001390e-01, 1.80819649e-02, -3.99580859e-02, 1.43815383e-01,
       -3.07558831e-02, -1.87307931e-02, -1.93053819e-02, 2.65129596e-01,
       -2.59047672e-02, -1.40953874e-02, -1.90222096e-02,
       -1.12951333e-02, -1.38622494e-02, -1.41363852e-02,
       -1.04266722e-02, 2.01007694e-01, -1.32449381e-02, -1.36701548e-02,
       -1.08264107e-02, -1.36708701e-02, -1.87280662e-02,
       -4.70505003e-03, -1.13794515e-02, -1.45452870e-02,
       -1.49862207e-02, -1.93849672e-02, 4.35298160e-02, -3.40782059e-03,
       -2.29570139e-02, -1.45804770e-02, -5.21470569e-02,
       -3.57121862e-02, -2.38911081e-02, -1.17754646e-01, 2.02495545e-01,
       -1.18865363e-01, -1.21624455e-01, 2.44814903e-02, -3.91010530e-02,
       1.41131192e-01, -3.01906466e-02, -1.86525080e-02, -1.88866965e-02,
       2.45452255e-01, -2.41304431e-02, -1.35497972e-02, -1.84309818e-02,
       -9.73289367e-03, -1.32107288e-02, -1.30451350e-02,
       -9.28871613e-03, 1.86615050e-01, -1.30623952e-02, -1.23121897e-02,
       -1.08565418e-02, -1.46163069e-02, -1.72253624e-02,
       -4.61249985e-03, -1.08789857e-02, -1.33054238e-02,
       -1.33877555e-02, -1.86646823e-02, 4.78427447e-02, -3.59439035e-03,
       -2.28575543e-02, -1.37388213e-02, -4.24832962e-02,
       -3.52289565e-02, -2.23229043e-02, -1.10988840e-01, 1.83316663e-01,
       -6.87703714e-02, -9.36149731e-02, -8.22737738e-02,
       -1.57095902e-02, -1.03302129e-01, -1.95399560e-02,
       -1.52607765e-02, -1.57336909e-02, -1.64239839e-01,
       -2.27875006e-03, -1.15272310e-02, 8.37900303e-03, -3.47878761e-03,
       -1.13016637e-02, -1.08468607e-02, -6.32731477e-04,
       -5.60678840e-02, -3.93491378e-03, -1.14160832e-02,
       -8.39518267e-04, -3.31387646e-03, -1.11932112e-02,
       -4.72898455e-03, 2.55276304e-04, -1.02553237e-02, -1.00434190e-02,
       -8.08354188e-03, -5.44876866e-02, 4.38923715e-03, 2.26904266e-02,
       1.68175471e-03, 7.00245321e-01, -1.52213573e-02, -5.55691449e-03,
       -3.33169177e-02, 1.09333262e-01, -4.86469902e-02, -6.88291714e-02,
       -5.86209595e-02, -1.07356114e-02, -7.27684349e-02,
       -1.71564389e-02, -1.14409486e-02, -1.17088528e-02,
       -1.04117155e-01, -5.22341905e-03, -1.05504887e-02, 6.78769918e-03,
       1.27814081e-03, -1.05407415e-02, -7.81093119e-03, 1.29702494e-05,
       -2.70513203e-02, -3.09156394e-03, -8.24726094e-03,
       -2.11557199e-04, -1.67129503e-03, -6.43201545e-03,
       -4.33077011e-03, -1.26725377e-03, -7.76758604e-03,
       -6.68925652e-03, -4.17206390e-03, -3.04986034e-02, 2.89757852e-03,
       2.50068102e-02, -1.24597151e-04, 3.71653885e-01, -1.27104986e-02,
       -3.55261099e-03, -2.24569421e-02, 1.70780182e-01, -5.54859452e-02,
       -6.48028776e-02, -2.82359514e-02, -1.04768313e-02, 2.58705597e-02,
       -1.74752660e-02, -9.02834348e-03, -9.40481480e-03, 1.25325456e-01,
       -4.90318751e-03, -9.43358056e-03, 1.04837250e-02, 7.38925068e-04,
       -8.94305669e-03, -7.98999052e-03, 3.51508753e-03, 8.23222473e-02,
       -4.40427521e-03, -9.03424621e-03, -3.87166743e-04,
       -3.77122895e-03, -8.12314264e-03, -4.02523484e-03, 1.14713726e-03,
       -8.83013476e-03, -7.60567700e-03, -2.53429310e-03,
       -1.26986569e-02, 4.94802091e-03, 3.42808440e-02, 5.75776969e-04,
       2.58679271e-01, -1.50086563e-02, -3.85315856e-03, -3.27569321e-02,
       -2.08677694e-01, -5.77476211e-02, -6.21863417e-02,
       -5.85949793e-03, -8.93640984e-03, 5.88856936e-02, -1.98464803e-02,
       -7.91967195e-03, -7.67151453e-03, 1.43803477e-01, -7.53143430e-03,
       -8.06803908e-03, 9.01284907e-03, 7.58021837e-04, -9.08252783e-03,
       -7.16494117e-03, -5.40326990e-04, 1.13981456e-01, -5.07873762e-03,
       -8.31530523e-03, -5.37130472e-06, -2.60310550e-03,
       -5.16104838e-03, -4.28455183e-03, 1.69816107e-04, -8.72333534e-03,
