%YAML:1.0
---
data: !!opencv-matrix
   rows: 36
   cols: 36
   dt: f
   data: [ 7.01074153e-02, 3.11717931e-02, -2.74591912e-02,
       6.25404762e-03, -1.96967795e-01, 8.22239555e-03, 4.30066232e-03,
       4.72553866e-03, -4.31290388e-01, 8.55660718e-03, 1.15237781e-03,
       2.78148171e-03, 1.20247237e-03, 1.41954306e-03, 3.09143518e-03,
       1.57616916e-03, -2.96716928e-01, 1.77462713e-03, 1.64427178e-03,
       1.32866204e-03, 1.71742716e-03, 3.02450825e-03, 4.22431593e-04,
       1.30916724e-03, 2.04030704e-03, 1.93321612e-03, 2.54637422e-03,
       -1.09411217e-01, 1.94854307e-04, 3.66861862e-03, 1.65863882e-03,
       1.12618301e-02, 5.69072599e-03, 1.11687602e-02, 5.01345657e-02,
       8.15749407e-01, -3.14467371e-01, -2.87928104e-01, -9.96580347e-02,
       -3.23512070e-02, 1.56831607e-01, -2.90743224e-02, -2.55103558e-02,
       -2.61467937e-02, 4.56227392e-01, -4.29625250e-02, -2.49945112e-02,
       -5.14054159e-03, -7.70647172e-03, -2.54486781e-02,
       -2.58351527e-02, -9.74441599e-03, 4.34292108e-01, -4.76123765e-03,
       -2.37095989e-02, -4.12477553e-03, -4.88025183e-03,
       -2.33719237e-02, -9.32416506e-03, -4.15040134e-03,
       -2.52081733e-02, -2.48820633e-02, -2.28024889e-02, 2.87069380e-02,
       -2.14645537e-04, -5.83094172e-03, -5.24636917e-03,
       -2.59754714e-02, -3.48066799e-02, -5.20490073e-02,
       -3.47896576e-01, 5.00170290e-01, -2.77793616e-01, -2.21229151e-01,
       -2.09847569e-01, -8.11529811e-03, -6.37958124e-02,
       -2.93565504e-02, -2.88134702e-02, -2.85004787e-02,
       -2.70709604e-01, 3.51149514e-02, -2.18028408e-02, 8.18672962e-03,
       3.92992347e-02, -2.17069834e-02, -2.48907730e-02, 5.24896570e-02,
       4.80383813e-01, -3.99147114e-03, -2.11772881e-02, -2.82634818e-03,
       -4.25228057e-03, -1.93875525e-02, -1.00748707e-02,
       -2.69119488e-03, -2.25552991e-02, -2.25416515e-02,
       -1.85672846e-02, -2.25282330e-02, 5.94359182e-04, 1.81604363e-02,
       -3.86743201e-03, 3.16631496e-02, -3.09258606e-02, 1.99018475e-02,
       7.11633980e-01, -5.26114414e-03, -2.92939432e-02, 2.55066846e-02,
       -6.91814199e-02, -3.97043452e-02, -1.93638653e-01, 4.69893869e-03,
       -1.66155642e-03, -2.53376272e-03, 6.76096082e-01, 2.87968665e-02,
       -1.04333898e-02, -9.64807533e-03, -4.13466059e-02,
       -1.17133446e-02, -7.85034336e-03, -3.67675796e-02,
       -3.87063503e-01, -1.72858752e-04, -1.50219556e-02,
       -1.32300647e-03, 2.55525199e-04, -9.40061361e-03, -5.50591480e-03,
       -1.65555766e-03, -1.06286649e-02, -1.02924369e-02,
       -9.63773485e-03, -3.28361064e-01, -3.34263925e-04, 8.18191795e-04,
       -3.48205533e-04, -3.51220593e-02, 7.90618174e-03, -4.47432250e-02,
       4.71271157e-01, 9.75221545e-02, -6.13555424e-02, -2.19310261e-02,
       -1.77451193e-01, -1.12062022e-02, -2.28361100e-01,
       -7.00419117e-03, -1.35539500e-02, -1.35489004e-02, 1.37135712e-02,
       7.54087791e-02, -9.55784880e-03, 4.68240352e-03, 1.10102976e-02,
       -9.44569986e-03, -1.01595055e-02, 1.83781963e-02, 3.49980593e-02,
       -4.01596990e-05, -1.12083154e-02, -4.98760375e-04,
       -4.48928738e-04, -1.12093762e-02, -7.72631029e-03,
       -6.99604338e-04, -1.17628369e-02, -1.14828348e-02,
       -1.04963183e-02, -2.10486963e-01, 3.36094323e-04, 5.93991857e-03,
       -4.39375799e-05, 2.20432365e-03, -5.42131113e-03, 9.09438670e-01,
       -1.64995223e-01, -6.59059435e-02, -2.65297443e-01,
       -3.53509247e-01, 3.25620145e-01, -4.25040238e-02, 5.30831635e-01,
       -2.70203352e-02, -6.13966072e-03, -8.71891994e-03,
       -4.08381000e-02, -2.30524361e-01, -9.63387825e-03,
       -2.36266945e-02, -2.96595767e-02, -1.08735757e-02,
       -2.83284415e-03, -2.22485941e-02, -3.99054199e-01,
       -7.07109831e-03, -4.75780712e-03, -5.57971979e-03,
       -7.00623635e-03, -1.60433389e-02, 7.56413257e-03, -5.37289213e-03,
       4.23727353e-04, -1.85825382e-04, -1.53067326e-02, 2.49890864e-01,
       -1.26480486e-03, -3.38797597e-03, -8.02276749e-03,
       -6.29579425e-02, -3.25491577e-02, 3.00475210e-01, 1.96172193e-01,
       3.06444615e-02, 6.21822536e-01, -5.49592793e-01, 3.70179377e-02,
       3.29974592e-02, 1.58305336e-02, 6.91806599e-02, 3.69397700e-02,
       4.71423753e-02, -9.61913611e-06, -3.93021286e-01, -2.55629588e-02,
       1.50479120e-03, -3.65766995e-02, -3.09990942e-02, 1.13796424e-02,
       -2.85712108e-02, 1.29262596e-01, 2.06854492e-02, -1.20662833e-02,
       1.29295383e-02, 2.17374917e-02, 4.11057472e-02, 6.19092723e-03,
       1.31403422e-02, -2.07828544e-03, -5.32531505e-03, 3.04306149e-02,
       -3.04103762e-01, 1.53465255e-03, 3.08824852e-02, 2.02027131e-02,
       1.59222782e-01, 3.53080668e-02, 6.73827715e-04, 1.14569822e-02,
       -2.19705123e-02, 1.14766276e-02, -1.86001286e-01, -1.90167144e-01,
       1.19585030e-01, -5.35620272e-01, 4.22642045e-02, 5.45419008e-02,
       5.30942194e-02, 1.23971753e-01, -3.09829384e-01, 2.88057403e-04,
       1.41733163e-03, 4.02755737e-02, 5.76237333e-04, -2.00770572e-02,
       5.20146824e-02, -1.18101358e-01, 7.07496656e-03, -9.34035145e-03,
       8.53024330e-03, 8.26013833e-03, 5.25535457e-02, 1.47716515e-02,
       8.71874858e-03, -1.38476444e-03, -3.10690887e-03, 4.83864844e-02,
       6.94239140e-01, 4.50917505e-05, -4.77785617e-03, 7.17534823e-03,
       -2.24896371e-02, 3.72548401e-02, 1.80591065e-02, 1.22122830e-02,
       -1.40112070e-02, -2.31774896e-02, 7.40180984e-02, 7.72310436e-01,
       -1.97848171e-01, -3.86484563e-01, -1.47517375e-03, 7.35934684e-03,
       2.06038530e-04, 3.46651487e-02, -8.47083032e-02, 3.36272605e-02,
       -7.82780722e-02, -1.50215819e-01, 4.12867963e-02, 4.29977924e-02,
       -1.45490840e-01, 2.76856095e-01, -1.54830851e-02, 2.54640095e-02,
       -1.47613697e-02, -1.35676060e-02, -3.35171185e-02, 2.46875696e-02,
       -1.30218267e-02, 2.03675628e-02, 2.21629739e-02, -2.16081478e-02,
       -1.02826469e-02, -5.50466031e-03, -9.11066234e-02,
       -1.90026518e-02, -2.03800932e-01, -5.18232174e-02, 6.84615970e-02,
       6.71239123e-02, 5.10530435e-02, -4.26898628e-01, -1.16550200e-01,
       2.64405847e-01, 1.27618060e-01, -2.39231572e-01, -2.19787215e-03,
       3.19038257e-02, 2.30526291e-02, -5.86079694e-02, -1.20922998e-01,
       -3.37482952e-02, 7.43849352e-02, 2.81965613e-01, -3.43417861e-02,
       -3.33233289e-02, 2.79324055e-01, -1.21157967e-01, -5.99315204e-03,
       -3.20046917e-02, 6.44997926e-05, -7.68818334e-03, 3.35896797e-02,
       6.96543558e-03, 6.72022070e-05, -1.31261405e-02, -1.24976290e-02,
       3.94426733e-02, -2.48426318e-01, -1.20855736e-06, 1.57808244e-01,
       -1.00849140e-02, 5.62595248e-01, 1.50363706e-02, -1.27973333e-01,
       -1.50987282e-01, -1.14686549e-01, 8.43380690e-02, -5.58797300e-01,
       1.15094900e-01, 4.24993634e-02, -1.59653306e-01, -9.87114161e-02,
       -4.82805707e-02, -5.22172935e-02, -2.05057506e-02, 7.19586611e-01,
       5.76309487e-02, 4.01447155e-02, 6.35719001e-02, 4.78557460e-02,
       4.10447642e-02, 3.28512788e-02, -1.34757385e-01, -4.87216399e-04,
       6.26890212e-02, -1.92240230e-04, -4.76248562e-04, -3.66450958e-02,
       1.12585407e-02, -3.64409236e-04, 3.15906331e-02, 3.09023429e-02,
       -2.97757406e-02, 6.80381730e-02, -4.30247731e-08, 1.30025953e-01,
       -7.31997192e-04, -1.49641857e-01, -6.89484775e-02,
       -8.46336558e-02, -7.63142109e-02, -7.04784542e-02, 7.19141290e-02,
       1.86235290e-02, -1.14664780e-02, -2.73410112e-01, 1.10261934e-02,
       3.81315639e-03, -4.89248224e-02, -3.89296710e-02, 4.56675924e-02,
       2.19571859e-01, -3.86601910e-02, -1.73745770e-02, -3.48545641e-01,
       -3.57345417e-02, -1.29397046e-02, -4.13460165e-01,
       -4.03096841e-04, -3.45948472e-04, -2.68496433e-03,
       -5.23243871e-05, -3.49237642e-04, -1.69532578e-02,
       -2.33984031e-02, -6.29662536e-05, -3.89312841e-02,
