%YAML:1.0
---
data: !!opencv-matrix
   rows: 36
   cols: 36
   dt: f
   data: [ 1.12899445e-01, 8.27756673e-02, -7.04426542e-02,
       2.91444100e-02, -2.73374170e-01, 2.81698070e-02, 1.11588789e-02,
       9.52525064e-03, -5.11967242e-01, 1.98150575e-02, 1.04798833e-02,
       1.59976389e-02, 2.66671740e-03, 9.53114778e-03, 8.25808197e-03,
       1.92872505e-03, -3.49516213e-01, 1.22691281e-02, 7.48059712e-03,
       9.89972427e-03, 1.19018257e-02, 7.02046277e-03, 3.08540883e-03,
       9.87168401e-03, 9.41031612e-03, 8.74099787e-03, 7.03190407e-03,
       -1.13545202e-01, 3.28942854e-03, 2.70766485e-02, 1.26229245e-02,
       2.88465563e-02, 2.49885898e-02, 1.55084170e-02, 7.64196515e-02,
       7.01071441e-01, -1.82009190e-01, -1.96974963e-01, 4.35887836e-02,
       -7.03162923e-02, 2.34877005e-01, -4.60805297e-02, -2.96846442e-02,
       -2.96461675e-02, 4.12136614e-01, -4.22465838e-02, -2.30103601e-02,
       -3.78491506e-02, -2.20741034e-02, -2.21579354e-02,
       -2.20296439e-02, -2.26108283e-02, 2.70293623e-01, -2.08462272e-02,
       -2.28668023e-02, -1.87954865e-02, -2.09329911e-02,
       -3.20353843e-02, -7.13486597e-03, -1.88780874e-02,
       -2.43787784e-02, -2.40385812e-02, -3.29606012e-02, 5.70239499e-02,
       -8.71543586e-03, -1.10046476e-01, -2.26905718e-02,
       -8.01279694e-02, -5.82147203e-02, -4.22248654e-02,
       -3.84264827e-01, 6.57948136e-01, -9.48960036e-02, -1.06987730e-01,
       -5.81848249e-02, -1.13917235e-02, -4.47725691e-02,
       -2.33576987e-02, -8.64394289e-03, -1.75976679e-02,
       -4.59557772e-02, -5.72147733e-03, -1.24702845e-02, 1.70860570e-02,
       -6.42575091e-03, -1.42537197e-02, -1.26972403e-02,
       -3.06601916e-03, -1.79865323e-02, -5.78010269e-03,
       -1.57470759e-02, 8.02615471e-03, -5.42573957e-03, -1.57029163e-02,
       -5.53819770e-03, 9.55699477e-03, -1.44710438e-02, -1.42597444e-02,
       -1.73067898e-02, -4.80741300e-02, 2.34251972e-02, 9.21081901e-01,
       -1.86726870e-03, 5.24411500e-02, -2.69949138e-02, 9.90303350e-04,
       -3.34238231e-01, -4.31743078e-02, -2.97040403e-01,
       -3.05097848e-01, -1.36261344e-01, -4.91664447e-02,
       -1.27222734e-02, -7.37772360e-02, -4.26115207e-02,
       -4.54530865e-02, 1.43703893e-01, -2.42700260e-02, -3.98622826e-02,
       4.45946166e-03, -4.67733014e-03, -3.95516306e-02, -3.38381305e-02,
       -4.27118782e-03, 1.62518591e-01, -2.31978614e-02, -3.62448283e-02,
       -1.26597593e-02, -2.24475823e-02, -3.65708321e-02,
       -1.66330598e-02, -1.08741922e-02, -3.56031284e-02,
       -3.69242616e-02, -3.49470377e-02, -5.16957268e-02, 7.30264513e-03,
       2.20270887e-01, -2.03432422e-02, 1.65960733e-02, -5.36522381e-02,
       -1.93352066e-02, 8.04505408e-01, 1.60269380e-01, -9.84010994e-02,
       -1.40624970e-01, 4.16583478e-01, -9.52709615e-02, 4.15339798e-01,
       -6.80310428e-02, -2.60447040e-02, -1.86543018e-02,
       -5.82755506e-01, -1.03325374e-01, 8.03827867e-03, -6.09599873e-02,
       2.02973336e-02, 8.38406384e-03, -2.63916794e-03, 2.65031066e-02,
       1.84040010e-01, -2.75449660e-02, 4.42135520e-03, -1.57923177e-02,
       -3.94633077e-02, -1.98748261e-02, 9.36701149e-03, -1.49090607e-02,
       1.14203300e-02, 1.33686801e-02, -3.16251703e-02, 4.38034534e-01,
       -1.11317309e-02, 3.47272679e-02, -3.06384936e-02, -8.65078494e-02,
       -8.06238577e-02, -7.26962239e-02, 4.99161631e-02, -1.17288008e-02,
       -1.21893115e-01, -6.21502623e-02, -3.60785306e-01, 1.86540499e-01,
       -2.80540884e-01, -7.24859238e-02, -3.69885308e-03,
       -4.19353321e-03, -3.33018273e-01, 1.02950394e-01, -2.34727114e-02,
       2.02076748e-01, 6.90640211e-02, -1.90771781e-02, 2.95538735e-03,
       8.45344141e-02, 6.49238825e-01, 6.36031432e-03, -1.03565166e-02,
       2.03133654e-02, 8.27627350e-03, 1.09249260e-02, -2.50568949e-02,
       1.80011336e-02, -2.45911982e-02, -2.63890456e-02, 2.01641060e-02,
       8.60482082e-03, 4.52636853e-02, -1.42619297e-01, 1.09956097e-02,
       2.76917756e-01, -5.62127531e-02, 4.27885018e-02, -1.63206831e-01,
       -3.66393700e-02, 4.77352530e-01, -1.10340759e-01, -2.24209186e-02,
       -2.45823234e-01, -4.73456711e-01, 1.51803270e-01, -1.81538165e-02,
       -1.27034793e-02, 9.00506377e-02, -1.19498119e-01, 4.81281467e-02,
       -2.13442460e-01, -7.73024857e-02, 5.24892658e-02, -6.18940964e-03,
       -5.37028536e-02, 2.90010244e-01, 1.49857961e-02, -4.27566655e-03,
       -7.71308737e-03, -6.30479027e-03, -1.83314178e-02, 4.95222509e-02,
       6.68966118e-03, 4.36769389e-02, 5.08212224e-02, -3.18459459e-02,
       3.70873064e-01, -6.50091320e-02, 8.98366570e-02, 3.04237613e-03,
       -3.08562130e-01, 1.00510307e-01, -1.32227466e-01, 5.34245409e-02,
       3.35719585e-02, -3.22977215e-01, -1.84031993e-01, 4.60491627e-02,
       9.46274251e-02, -3.38598907e-01, 5.06431004e-03, 3.52520533e-02,
       2.07964126e-02, 1.60985515e-01, -1.25463530e-01, -3.16933058e-02,
       1.85372412e-01, 9.79150757e-02, -2.22282782e-02, -5.89683875e-02,
       7.93292746e-02, -3.74276102e-01, -2.00795941e-02, -5.44806309e-02,
       1.14750648e-02, 2.37832516e-02, 5.93714043e-02, 7.17151817e-03,
       3.67464672e-04, -1.12086069e-02, -8.24729074e-03, 6.60467744e-02,
       5.98725021e-01, 5.66688254e-02, -8.44450071e-02, -1.84402764e-02,
       3.00055593e-01, 4.32966463e-02, -1.31850228e-01, -7.65482709e-02,
       -3.04874405e-02, -4.56114948e-01, 6.98401451e-01, 6.91893697e-02,
       -6.58675283e-02, -2.03615755e-01, -3.70653793e-02, 5.15308827e-02,
       3.25580463e-02, 4.61635813e-02, 2.15056315e-01, -6.15310448e-04,
       -1.83567956e-01, -5.21465354e-02, 6.59452053e-03, 4.45948951e-02,
       -3.19333635e-02, 1.23367161e-01, -5.83546162e-02, 5.16603775e-02,
       -7.68456757e-02, -5.22720255e-02, 2.42335182e-02, -3.07232309e-02,
       -5.62402979e-02, -2.70484798e-02, -2.40178984e-02, 4.63807695e-02,
       1.91757023e-01, -6.76732734e-02, 8.16390663e-02, -7.26412013e-02,
       -2.21369207e-01, -1.11126773e-01, 4.86316085e-02, 5.19002527e-02,
       5.37079610e-02, -1.78816736e-01, -3.88545431e-02, 6.57955170e-01,
       -1.39749777e-02, -3.59722614e-01, 5.85625656e-02, 6.89211860e-02,
       9.28305686e-02, 1.13291710e-04, -2.93651462e-01, 8.64038337e-03,
       3.05890869e-02, 6.91962615e-02, 3.26173194e-03, -4.97111417e-02,
       8.53159800e-02, 1.89873248e-01, -2.59998310e-02, -6.49867132e-02,
       -1.72986276e-03, 8.53790250e-03, 5.16837090e-02, 2.56742891e-02,
       -1.85558666e-02, -1.88088063e-02, -7.08658993e-03, 4.79645059e-02,
       -4.38446671e-01, 2.12216023e-02, -2.27251519e-02, -3.75182461e-03,
       6.12133518e-02, 1.77806258e-01, -9.35738981e-02, -2.00866759e-02,
       -1.68896504e-02, -4.71178479e-02, 7.80413598e-02, -1.30506217e-01,
       5.01863480e-01, 5.50367534e-02, 2.03175675e-02, 9.67710391e-02,
       4.25628275e-02, -1.92658808e-02, -2.96563745e-01, -4.98590544e-02,
       3.50037634e-01, 5.69706559e-02, -1.80154052e-02, -1.09499604e-01,
       6.68325350e-02, 2.20102165e-03, 5.59068918e-02, -6.11484759e-02,
       2.95405220e-02, 1.16023205e-01, -2.17205714e-02, -1.33656000e-03,
       7.11354241e-02, -3.72584723e-02, -6.36711940e-02, 7.84020696e-04,
       1.39266783e-02, 2.72943862e-02, 3.47977541e-02, 2.19525788e-02,
       -6.22926295e-01, 2.31981911e-02, -2.26287052e-01, 1.47426771e-02,
       -1.38817471e-03, -2.77207702e-01, -4.62781377e-02,
       -3.26532602e-01, -6.81002885e-02, 1.66228786e-01, 2.75886357e-01,
       1.01169914e-01, 1.18365109e-01, -1.27187893e-01, -1.67508140e-01,
       -3.50591145e-03, -4.58599120e-01, 3.65852006e-02, -2.79329270e-02,
       -3.65689285e-02, 9.96990353e-02, -1.80848211e-03, 6.23798929e-02,
       -4.34437692e-02, -6.65394589e-03, 1.36346743e-01, 1.60388842e-01,
       1.74649823e-02, 1.17998160e-02, 1.20170191e-02, -2.67437496e-03,
