%YAML:1.0
---
data: !!opencv-matrix
   rows: 36
   cols: 144
   dt: f
   data: [ 2.56395414e-02, 6.40775869e-03, -2.01633330e-02,
       1.42914243e-03, -1.11131229e-01, 3.26514360e-03, 1.13411690e-03,
       1.55364140e-03, -2.40198016e-01, 4.23608068e-03, -1.53298199e-04,
       1.16249803e-03, 8.86781490e-05, 9.51354668e-05, 9.41860373e-04,
       2.01734627e-04, -1.60029545e-01, 8.11384351e-04, 1.04772071e-05,
       5.72806282e-04, 6.79379038e-04, 5.75988670e-04, 2.56629369e-06,
       5.54065919e-04, 4.49293759e-04, 3.65861226e-04, 4.75627254e-04,
       -6.17117882e-02, 1.05776875e-04, 2.48611462e-03, 6.91163645e-04,
       4.82971314e-03, 2.06913543e-03, 4.32504946e-03, 1.59469843e-02,
       5.12280822e-01, 3.47265303e-02, 1.38139753e-02, -1.22843068e-02,
       2.95354496e-03, -9.63700041e-02, 4.07566223e-03, 2.19523371e-03,
       2.11767643e-03, -2.13269994e-01, 3.92124057e-03, 4.07497748e-04,
       1.30954396e-03, 7.54829380e-04, 6.66092965e-04, 1.64005964e-03,
       4.74016008e-04, -1.49798676e-01, 8.52443685e-04, 6.16050500e-04,
       5.85618720e-04, 9.04730230e-04, 1.48809212e-03, 2.60352594e-04,
       6.50124915e-04, 1.12336234e-03, 1.16853788e-03, 1.11855264e-03,
       -5.64191081e-02, 7.80492119e-05, 1.23213197e-03, 8.40992318e-04,
       5.46897808e-03, 2.98151444e-03, 5.01059694e-03, 2.81858575e-02,
       4.06513184e-01, 3.32909040e-02, 1.56806987e-02, -1.44723980e-02,
       3.33994417e-03, -9.30123478e-02, 3.81886121e-03, 1.79326511e-03,
       2.16969592e-03, -2.01612100e-01, 4.45429562e-03, 5.17871522e-04,
       1.46299310e-03, 3.27280461e-04, 4.33921552e-04, 1.43282861e-03,
       6.70843641e-04, -1.40145496e-01, 7.91890663e-04, 8.45055212e-04,
       6.52968185e-04, 7.57481321e-04, 1.36402459e-03, 2.89482068e-05,
       5.66778996e-04, 7.64451746e-04, 7.59050366e-04, 1.10688596e-03,
       -5.12732081e-02, 1.17336371e-04, 2.01632618e-03, 8.09787307e-04,
       5.44368615e-03, 2.52877339e-03, 5.24997106e-03, 1.97744854e-02,
       3.87542307e-01, 3.92150953e-02, 2.00652871e-02, -8.83322954e-03,
       3.89608438e-03, -8.61460045e-02, 4.50908393e-03, 2.90007913e-03,
       2.97976378e-03, -1.89392000e-01, 3.31954262e-03, 1.04257092e-03,
       1.38853001e-03, 8.07181350e-04, 1.14119216e-03, 1.61747483e-03,
       1.44425058e-03, -1.29628241e-01, 9.62508144e-04, 1.31286273e-03,
       7.43221201e-04, 9.69004817e-04, 2.10384396e-03, 3.84203944e-04,
       7.31352658e-04, 1.25814008e-03, 1.08329626e-03, 1.88124517e-03,
       -4.65866849e-02, 7.62247946e-05, 1.38466165e-03, 8.31371290e-04,
       5.87580167e-03, 3.05035873e-03, 6.65408466e-03, 3.19859795e-02,
       3.14978153e-01, -1.63455322e-01, -1.57712325e-01, -5.64205013e-02,
       -1.77551452e-02, 6.52816519e-02, -1.51680792e-02, -1.30997421e-02,
       -1.34788705e-02, 2.11839497e-01, -2.56599579e-02, -1.31183537e-02,
       -3.25768325e-03, -5.42352675e-03, -1.31070344e-02,
       -1.35400165e-02, -5.67275286e-03, 1.99500665e-01, -2.60304869e-03,
       -1.28335422e-02, -2.03438383e-03, -2.52536265e-03,
       -1.24075143e-02, -4.98749036e-03, -2.27028667e-03,
       -1.30536938e-02, -1.31182214e-02, -1.23123629e-02, 3.57299834e-03,
       -1.65666759e-04, -5.15216030e-03, -2.70966790e-03,
       -1.42951431e-02, -1.76764745e-02, -2.70827841e-02,
       -1.62256420e-01, 3.44136387e-01, -1.56119868e-01, -1.45367756e-01,
       -5.29151969e-02, -1.57768968e-02, 6.91918507e-02, -1.46717029e-02,
       -1.30357696e-02, -1.30679868e-02, 2.10830644e-01, -2.33234297e-02,
       -1.29800253e-02, -2.52692751e-03, -3.57754598e-03,
       -1.26141664e-02, -1.30967787e-02, -3.43234418e-03, 2.17259571e-01,
       -2.34123715e-03, -1.17707597e-02, -2.00929400e-03,
       -2.36193114e-03, -1.17286146e-02, -4.61971899e-03,
       -2.06802809e-03, -1.25585031e-02, -1.22501571e-02,
       -1.11183133e-02, 1.15771126e-02, -9.53061390e-05, -1.90353813e-03,
       -2.69564288e-03, -1.19353672e-02, -1.72579009e-02,
       -2.48041432e-02, -1.84470564e-01, 2.89631575e-01, -1.53740734e-01,
       -1.36016548e-01, -4.40733396e-02, -1.64276026e-02, 8.90570655e-02,
       -1.41592240e-02, -1.27917714e-02, -1.28101744e-02, 2.48895675e-01,
       -1.79829933e-02, -1.17601985e-02, -2.37625418e-03,
       -4.26329672e-03, -1.24096470e-02, -1.22531615e-02,
       -5.82655380e-03, 2.22115830e-01, -2.42929626e-03, -1.11732390e-02,
       -2.05214531e-03, -2.46834685e-03, -1.16063403e-02,
       -4.33848053e-03, -1.92689314e-03, -1.20586110e-02,
       -1.21446243e-02, -1.14134382e-02, 2.01825127e-02, -9.29405433e-05,
       -2.29383772e-03, -2.54709786e-03, -1.36905229e-02,
       -1.67159420e-02, -2.51755808e-02, -1.57320350e-01, 1.66065171e-01,
       -1.50299385e-01, -1.30506232e-01, -4.00524512e-02,
       -1.45413745e-02, 9.81870592e-02, -1.40231717e-02, -1.16121601e-02,
       -1.26481885e-02, 2.54522443e-01, -1.85585078e-02, -1.13669261e-02,
       -2.39579799e-03, -2.72535020e-03, -1.19931884e-02,
       -1.21598886e-02, -4.62574977e-03, 2.33267754e-01, -2.17730878e-03,
       -1.11085540e-02, -2.13366328e-03, -2.38154340e-03,
       -1.05466014e-02, -4.33886424e-03, -2.04157457e-03,
       -1.19211292e-02, -1.14805633e-02, -1.02683529e-02, 2.82055810e-02,
       -9.85151128e-05, -2.61637894e-03, -2.54012551e-03,
       -1.25521924e-02, -1.71112027e-02, -2.48708166e-02,
       -1.75865173e-01, 1.27377793e-01, 4.93420288e-02, 4.85631600e-02,
       5.94521984e-02, 1.61642022e-03, 7.59401247e-02, 6.32798299e-03,
       5.97714353e-03, 7.39758508e-03, 1.98320404e-01, -1.16067650e-02,
       4.26066574e-03, -2.27965065e-03, -6.44959090e-03, 4.15634131e-03,
       4.99014044e-03, -1.13084046e-02, -8.97401944e-03, 7.19035452e-04,
       4.93002543e-03, 6.15307887e-04, 6.69513829e-04, 4.60663252e-03,
       1.82106125e-03, 5.05234057e-04, 3.79987527e-03, 3.71346460e-03,
       4.52319579e-03, 3.89139540e-02, -2.27805373e-04, -9.69008356e-03,
       7.13305257e-04, -8.47719051e-03, 5.12797432e-03, -1.02098472e-02,
       -1.38333008e-01, -3.29546690e-01, 4.96828891e-02, 4.90294062e-02,
       5.65478355e-02, 1.59595441e-03, 8.07245299e-02, 7.43027451e-03,
       6.21658424e-03, 6.53502531e-03, 2.08911851e-01, -7.46196508e-03,
       3.77567718e-03, -1.92413363e-03, -5.21398429e-03, 4.27792221e-03,
       5.70773333e-03, -8.36605113e-03, 7.72111211e-03, 6.39168138e-04,
       4.82925633e-03, 4.54526948e-04, 1.00898650e-03, 4.45591379e-03,
       1.44133589e-03, 4.73641878e-04, 3.85233900e-03, 4.20595286e-03,
       4.06768452e-03, 3.62628736e-02, -4.51732703e-05, -1.47047685e-03,
       4.92707593e-04, -5.54025220e-03, 4.42986749e-03, -9.62541811e-03,
       -1.88064769e-01, -3.27036202e-01, 1.46692274e-02, -9.71471891e-03,
       -2.00363831e-03, -8.07286066e-04, -5.57203144e-02, 2.23347824e-03,
       1.50376593e-03, 1.06525689e-03, -1.13566093e-01, -9.11113154e-03,
       1.39237483e-04, -2.17703782e-05, -4.06764075e-03, -5.17192530e-04,
       1.39097945e-04, -8.69454723e-03, -1.38919920e-01, 6.20435574e-04,
       2.89941352e-04, 1.56744660e-04, 5.37926622e-04, 3.13446595e-04,
       4.14895621e-04, 1.89896207e-04, -4.58784692e-04, 7.40919932e-05,
       1.18978751e-04, -3.53968218e-02, -1.62371450e-07, -7.01912679e-04,
       4.58690862e-04, -2.59354291e-03, 5.56813029e-04, -9.30607598e-03,
       -1.72812223e-01, 5.40930331e-01, 2.41054203e-02, 1.17792394e-02,
       1.87215803e-03, 1.19886897e-03, -4.54777963e-02, 2.93672201e-03,
       1.89581851e-03, 2.26356089e-03, -7.65116289e-02, -4.06846032e-03,
       7.95166357e-04, 3.39856837e-04, -4.18207375e-03, 7.72427709e-04,
       1.70641032e-03, -8.81620683e-03, -1.01816520e-01, 8.03878880e-04,
       1.42727222e-03, 2.77682528e-04, 4.42695396e-04, 9.93111287e-04,
       4.62202675e-04, 5.33679093e-04, 1.00715971e-03, 1.11387449e-03,
       4.33854701e-04, -2.46958043e-02, 4.42039091e-05, -1.49117914e-04,
