%YAML:1.0
---
data: !!opencv-matrix
   rows: 36
   cols: 144
   dt: f
   data: [ 2.02931892e-02, 3.00309341e-03, -4.28522453e-02,
       5.85633004e-03, -1.18153356e-01, 4.56734607e-03, 8.60991364e-04,
       7.54120934e-04, -2.20769450e-01, 4.80135763e-03, -7.81376206e-04,
       4.73154336e-03, -9.32383235e-04, -7.97062065e-04, -7.11467932e-04,
       -4.31548309e-04, -1.41679138e-01, 1.97802205e-03, -1.20508752e-03,
       1.45878864e-03, 1.99382403e-03, -8.41158559e-04, -7.59063696e-04,
       1.58332591e-03, -7.53874949e-04, -7.35050242e-04, -5.28113742e-04,
       -6.38449639e-02, 6.06451707e-04, 3.87051422e-03, 2.32375041e-03,
       7.41709536e-03, 2.63009407e-03, 2.42187874e-03, 4.12503071e-03,
       5.20504236e-01, 2.93699577e-02, 1.05353920e-02, -3.49348858e-02,
       7.56317144e-03, -1.05307028e-01, 5.39521500e-03, 2.36474443e-03,
       2.06097448e-03, -2.03258902e-01, 4.92228707e-03, -1.24561120e-04,
       4.62488458e-03, 1.84118588e-04, -1.00571015e-04, -1.41756551e-04,
       8.38182095e-05, -1.32598519e-01, 2.20411737e-03, -5.12834347e-04,
       1.88322761e-03, 2.12637032e-03, 8.15848878e-04, -2.83634028e-04,
       1.86965242e-03, 2.51101155e-05, -8.44044262e-05, 7.88670848e-04,
       -5.91041520e-02, 6.07210211e-04, 8.40296503e-03, 2.40429398e-03,
       9.18080471e-03, 3.81343672e-03, 3.21819750e-03, 8.36292841e-03,
       4.23652649e-01, 2.63682250e-02, 1.03848465e-02, -3.58680077e-02,
       8.26876797e-03, -1.02013804e-01, 5.44328941e-03, 2.38160556e-03,
       1.73629692e-03, -1.82972580e-01, 4.17625066e-03, -6.12712174e-04,
       4.77506872e-03, -3.72563605e-04, -3.08928167e-04, -1.26706014e-04,
       -2.03933712e-04, -1.22214891e-01, 2.09292863e-03, -3.41414241e-04,
       1.69168203e-03, 2.33446015e-03, 5.79921703e-04, -4.57811431e-04,
       1.65857049e-03, -2.85179121e-04, -6.34309545e-04, 6.16662030e-04,
       -5.56867309e-02, 6.80837722e-04, 6.01567421e-03, 2.44163908e-03,
       8.53374880e-03, 3.93150374e-03, 2.81036785e-03, 6.05973648e-03,
       3.99130434e-01, 3.09911072e-02, 1.48840128e-02, -3.02376729e-02,
       8.29957891e-03, -9.08398703e-02, 5.65438438e-03, 2.56064953e-03,
       1.90536445e-03, -1.67912185e-01, 4.23948048e-03, 2.62041849e-05,
       4.20618523e-03, 3.94368923e-04, 2.47066309e-05, 3.14862584e-04,
       4.08256863e-04, -1.10212639e-01, 2.19842955e-03, -1.52602268e-04,
       1.91675685e-03, 2.41730129e-03, 1.07345032e-03, -5.15274296e-04,
       1.71431957e-03, -1.82059433e-04, -3.65547712e-05, 8.44177906e-04,
       -5.05143330e-02, 7.36943854e-04, 9.00553446e-03, 2.38677231e-03,
       1.01644536e-02, 4.27210331e-03, 2.89391354e-03, 1.02881575e-02,
       3.26781988e-01, -1.73103213e-01, -1.61018178e-01, -3.96493915e-03,
       -3.78291570e-02, 1.10878192e-01, -2.84950491e-02, -1.99496895e-02,
       -1.97521318e-02, 2.34030351e-01, -2.97075603e-02, -1.37767475e-02,
       -1.32820299e-02, -1.14677362e-02, -1.38976471e-02,
       -1.47616873e-02, -1.17629925e-02, 1.97196543e-01, -9.11088474e-03,
       -1.42627377e-02, -7.05070468e-03, -9.17643588e-03,
       -2.01957729e-02, -4.07265825e-03, -7.23027205e-03,
       -1.35576259e-02, -1.39071532e-02, -2.08896641e-02, 3.61349843e-02,
       -1.79870147e-03, -1.29257143e-02, -9.14115459e-03,
       -3.11779510e-02, -3.14256065e-02, -2.50560530e-02,
       -1.33728057e-01, 3.39219570e-01, -1.64922297e-01, -1.49298698e-01,
       -4.47511818e-04, -3.73837538e-02, 1.14202157e-01, -2.75435634e-02,
       -1.86253209e-02, -1.94762126e-02, 2.41023734e-01, -2.65453961e-02,
       -1.28490441e-02, -1.27395280e-02, -9.55437683e-03,
       -1.29374117e-02, -1.42102633e-02, -9.67822038e-03, 2.08337322e-01,
       -8.28740653e-03, -1.36355842e-02, -6.41068071e-03,
       -8.46155174e-03, -1.93777233e-02, -4.00068844e-03,
       -6.78305933e-03, -1.29638845e-02, -1.32499319e-02,
       -1.88024007e-02, 4.28442806e-02, -1.55045709e-03, -2.18434930e-02,
       -8.43930803e-03, -2.95887012e-02, -2.97709256e-02,
       -2.30390001e-02, -1.22256704e-01, 2.58250803e-01, -1.61489800e-01,
       -1.42056763e-01, 8.64689983e-03, -3.44844908e-02, 1.30947426e-01,
       -2.74949111e-02, -1.73332859e-02, -1.82368532e-02, 2.57666379e-01,
       -2.49545313e-02, -1.21698594e-02, -1.20079070e-02,
       -9.52015538e-03, -1.20740840e-02, -1.30064869e-02,
       -9.50179063e-03, 2.08582178e-01, -8.82043038e-03, -1.24602765e-02,
       -6.64127339e-03, -8.71381722e-03, -1.73751488e-02,
       -3.60084139e-03, -6.59965025e-03, -1.24146976e-02,
       -1.19747231e-02, -1.89862736e-02, 4.66948934e-02, -1.59914524e-03,
       -1.61994621e-02, -8.79761018e-03, -2.83533819e-02,
       -3.07583287e-02, -2.24230420e-02, -1.16875187e-01, 1.74387068e-01,
       -1.57056570e-01, -1.35795757e-01, 1.79051533e-02, -3.43831331e-02,
       1.39734611e-01, -2.63670981e-02, -1.67537592e-02, -1.75472964e-02,
       2.61921316e-01, -2.52501424e-02, -1.12624988e-02, -1.16232224e-02,
       -8.42909142e-03, -1.16626397e-02, -1.26566011e-02,
       -8.37640464e-03, 2.13552162e-01, -8.78972001e-03, -1.15834046e-02,
       -6.53132563e-03, -8.62547383e-03, -1.69874914e-02,
       -3.28915822e-03, -6.57668896e-03, -1.17834872e-02,
       -1.17633017e-02, -1.67117324e-02, 5.79344034e-02, -1.37166178e-03,
       -2.22101770e-02, -8.74634832e-03, -2.78658159e-02,
       -2.97216754e-02, -2.21005771e-02, -1.04959980e-01, 1.05755717e-01,
       -6.82912767e-03, 7.94633105e-03, 3.43244337e-02, -2.47222721e-03,
       7.95267895e-02, 1.00703165e-03, 2.04959628e-03, 1.53414323e-03,
       1.70773387e-01, -3.82157019e-03, 1.72718981e-04, -2.68678111e-03,
       1.44645106e-03, 6.87947322e-04, 3.80851561e-04, 9.68645036e-04,
       9.22224298e-02, -1.17775484e-03, 1.18078606e-03, -9.29136353e-04,
       -9.37299803e-04, 4.80510731e-04, -2.14561704e-04, -8.33423168e-04,
       -4.72097076e-04, -7.47810118e-04, 1.39116158e-03, 3.17341313e-02,
       -8.59052408e-04, -9.81073175e-03, -1.48408581e-03,
       -1.94262026e-03, -1.75683270e-03, -2.65308563e-03,
       -1.57365724e-02, -3.72470230e-01, -1.18875811e-02,
       -3.03800654e-04, 2.84635033e-02, -2.83902511e-03, 8.66199732e-02,
       8.91427044e-05, 1.27765595e-03, 6.35422533e-04, 1.80526704e-01,
       2.36882443e-05, -1.16451515e-03, 2.16133412e-04, 2.83789414e-04,
       -2.31007056e-04, -4.18295036e-04, 7.08048756e-04, 1.03320092e-01,
       -7.70297484e-04, -5.78658481e-04, -1.30497129e-03,
       -1.12834782e-03, -1.19685265e-03, -1.77358568e-04,
       -9.79861361e-04, -1.60568662e-03, -1.89514819e-03, 9.97020514e-04,
       2.68988311e-02, -3.52021045e-04, -3.07280496e-02, -7.92847772e-04,
       -5.64036844e-03, -2.41693226e-03, -1.05626718e-03,
       -1.58674084e-02, -3.46709758e-01, -2.94953492e-02,
       -3.93274575e-02, -3.28817442e-02, -6.76667551e-03,
       -6.56445324e-02, -3.73202586e-03, -5.65375900e-03,
       -4.48467582e-03, -1.38052434e-01, -3.58338072e-03,
       -3.19431908e-03, -1.58564560e-03, -4.10874607e-03,
       -3.09351343e-03, -3.71055841e-03, -4.88281716e-03,
       -7.73995742e-02, -6.05522713e-04, -4.02624020e-03,
       -4.36306203e-04, -6.91050955e-04, -6.01005647e-03,
       -1.50325266e-03, -2.57619598e-04, -3.01705161e-03,
       -3.23826051e-03, -5.43713383e-03, -3.78227681e-02,
       -3.99118668e-04, -1.80047825e-02, -9.50615329e-04,
       -7.78667675e-03, -4.95968340e-03, -4.55815904e-03,
       -5.02974428e-02, 5.77657640e-01, -1.84528362e-02, -2.66311932e-02,
       -3.64652313e-02, -3.92707391e-03, -6.91081136e-02,
       -1.53156067e-03, -1.85232656e-03, -3.67402239e-03,
       -1.18540421e-01, -1.04554603e-03, -2.95825046e-03,
       -3.96154792e-04, -2.85566319e-03, -2.16701603e-03,
       -2.92648375e-03, -4.04514186e-03, -6.16960600e-02,
       -2.82716966e-04, -1.71188137e-03, -1.93280503e-04,
       -9.14390141e-04, -4.45067557e-03, -8.52152705e-04,
