%YAML:1.0
---
data: !!opencv-matrix
   rows: 36
   cols: 144
   dt: f
   data: [ 3.35460044e-02, 1.43273482e-02, -4.34421189e-02,
       8.20214488e-03, -1.28990814e-01, 6.81482861e-03, 4.11612302e-04,
       2.27789249e-04, -2.45440215e-01, 7.18918210e-03, 1.74211652e-03,
       5.53810084e-03, -1.62811391e-03, 1.68896094e-03, 1.19072455e-03,
       -1.66700303e-03, -1.60025761e-01, 3.81997996e-03, 8.89166258e-04,
       3.02588963e-03, 3.62101127e-03, -8.50053446e-04, 5.31412254e-04,
       2.81609921e-03, 1.33333053e-03, 1.18346862e-03, -4.98267589e-04,
       -5.67283109e-02, 8.86998605e-04, 4.33286186e-03, 3.67545499e-03,
       9.84540209e-03, 5.57209738e-03, 4.24749451e-03, 1.49995536e-02,
       4.97614831e-01, 4.17008512e-02, 2.57954393e-02, -3.50353345e-02,
       9.49797034e-03, -1.18820675e-01, 8.13672133e-03, 2.24239309e-03,
       1.60351873e-03, -2.35016629e-01, 7.94418622e-03, 3.09563847e-03,
       5.44206612e-03, -2.72621663e-04, 2.21569603e-03, 2.17120536e-03,
       -2.97866849e-04, -1.52755722e-01, 4.29462316e-03, 1.13367301e-03,
       3.47629888e-03, 3.76729481e-03, 1.10489107e-03, 5.54901664e-04,
       3.44349095e-03, 2.35089147e-03, 2.01251428e-03, 1.32580579e-03,
       -5.46510406e-02, 1.00502232e-03, 5.14166337e-03, 4.51735733e-03,
       1.08428271e-02, 7.22437259e-03, 4.37279185e-03, 1.78151093e-02,
       4.12624955e-01, 3.63082439e-02, 2.07434930e-02, -3.13937403e-02,
       8.86517577e-03, -1.07853316e-01, 8.11448134e-03, 1.74688071e-03,
       1.48421724e-03, -2.04747796e-01, 5.20129455e-03, 1.53170223e-03,
       5.55068627e-03, -7.01586716e-04, 1.73245743e-03, 6.53416093e-04,
       -9.13079595e-04, -1.34045959e-01, 3.68787278e-03, 4.67663282e-04,
       2.55911355e-03, 3.70403845e-03, 8.12351471e-04, 1.64998666e-04,
       2.77594593e-03, 9.65515908e-04, 1.58823188e-03, 8.62379966e-04,
       -4.73808385e-02, 9.46954126e-04, 4.86133387e-03, 3.68350931e-03,
       1.20099504e-02, 5.63308084e-03, 3.64931929e-03, 1.47596765e-02,
       3.71959835e-01, 4.21335846e-02, 2.41426025e-02, -3.07055898e-02,
       1.06967483e-02, -9.95346978e-02, 8.29931814e-03, 2.38100882e-03,
       3.07813147e-03, -1.81459561e-01, 5.46842255e-03, 1.61136920e-03,
       5.48727764e-03, -4.15847840e-04, 1.81828206e-03, 1.67053274e-03,
       -3.46987741e-04, -1.20237842e-01, 4.23515309e-03, 7.19270145e-04,
       3.24268965e-03, 4.21866868e-03, 7.36556191e-04, 5.34259481e-04,
       3.21896630e-03, 1.71973626e-03, 1.32179039e-03, 5.09211561e-04,
       -4.67953198e-02, 9.63848608e-04, 4.58949758e-03, 4.24930034e-03,
       9.85207502e-03, 6.45183213e-03, 4.20125015e-03, 1.66821405e-02,
       3.05262089e-01, -1.38274997e-01, -1.43839329e-01, 6.20883075e-04,
       -4.62670736e-02, 1.08201496e-01, -2.95001306e-02, -2.11597234e-02,
       -2.12852713e-02, 2.32388362e-01, -2.37765070e-02, -1.50708752e-02,
       -1.87762026e-02, -1.43532166e-02, -1.44815883e-02,
       -1.47142904e-02, -1.47977229e-02, 1.62846357e-01, -1.22788697e-02,
       -1.50681473e-02, -1.02515835e-02, -1.33333132e-02,
       -2.15931758e-02, -4.89928620e-03, -1.03195496e-02,
       -1.54124759e-02, -1.49121555e-02, -2.09575109e-02, 1.68366488e-02,
       -3.07211233e-03, -1.71168093e-02, -1.27472449e-02,
       -3.77015583e-02, -3.32783535e-02, -2.27835458e-02,
       -1.31694317e-01, 3.92858028e-01, -1.30179435e-01, -1.29901513e-01,
       1.30416136e-02, -4.33027074e-02, 1.16864942e-01, -2.94973440e-02,
       -1.84546541e-02, -1.87752191e-02, 2.46015057e-01, -2.27112416e-02,
       -1.46255875e-02, -1.87288933e-02, -1.09230550e-02,
       -1.34064043e-02, -1.28630372e-02, -1.23927593e-02, 1.74486816e-01,
       -1.24491453e-02, -1.33896768e-02, -1.02854362e-02,
       -1.28164385e-02, -1.80573408e-02, -4.45404276e-03,
       -1.00080315e-02, -1.41222933e-02, -1.43785561e-02,
       -1.90395415e-02, 3.54825370e-02, -3.15927598e-03, -1.61977019e-02,
       -1.35380477e-02, -3.60534452e-02, -3.22611108e-02,
       -2.26218309e-02, -1.44904748e-01, 2.87597537e-01, -1.30885437e-01,
       -1.30247429e-01, 1.61947943e-02, -4.09809351e-02, 1.39008328e-01,
       -2.80194469e-02, -1.81659181e-02, -1.77547727e-02, 2.73198366e-01,
       -2.40354780e-02, -1.43216141e-02, -1.78023092e-02,
       -1.12299155e-02, -1.34242969e-02, -1.28904367e-02,
       -1.18607916e-02, 1.80774480e-01, -1.22370962e-02, -1.26184076e-02,
       -9.59079247e-03, -1.36394808e-02, -1.76210497e-02,
       -4.22687735e-03, -1.02553666e-02, -1.38019072e-02,
       -1.35544110e-02, -1.79304238e-02, 3.70945781e-02, -3.10207019e-03,
       -1.59887485e-02, -1.28539857e-02, -3.66178304e-02,
       -3.04836109e-02, -2.17660218e-02, -1.28356367e-01, 2.00017512e-01,
       -1.24971077e-01, -1.22751325e-01, 3.16433273e-02, -4.01541181e-02,
       1.45454824e-01, -2.77357623e-02, -1.61611456e-02, -1.64706819e-02,
       2.56658942e-01, -2.42093988e-02, -1.34694967e-02, -1.67972390e-02,
       -8.75185244e-03, -1.23114083e-02, -1.23949591e-02,
       -8.16758163e-03, 1.88069686e-01, -1.23177730e-02, -1.17755597e-02,
       -9.09749884e-03, -1.30319353e-02, -1.52454907e-02,
       -4.37701959e-03, -9.84485634e-03, -1.23669887e-02,
       -1.22123277e-02, -1.59328226e-02, 4.74404320e-02, -2.92015355e-03,
       -1.52719440e-02, -1.29033020e-02, -3.24942656e-02,
       -3.03144287e-02, -2.06826944e-02, -1.33042589e-01, 1.38914958e-01,
       -1.99322887e-02, -1.10912602e-02, 3.60329412e-02, -2.29180255e-03,
       1.08021215e-01, -2.18084315e-03, 8.08007724e-04, 1.96359440e-04,
       2.24732861e-01, -8.17640778e-03, -1.51832262e-03, -4.97654267e-03,
       1.18796702e-03, -2.63755932e-03, -1.07642531e-03, 1.08438404e-03,
       1.22567393e-01, -2.57838168e-03, -2.15053675e-03, -1.74886757e-03,
       -3.11829196e-03, -1.27878087e-03, -1.28034956e-03,
       -2.15679477e-03, -2.46230932e-03, -2.98938318e-03,
       -7.89765851e-04, 1.63339023e-02, -7.39055220e-04, -4.49005468e-03,
       -2.37794663e-03, -9.08210501e-03, -5.61846606e-03,
       -5.79132140e-03, -5.05448915e-02, -3.57879668e-01,
       -2.12234426e-02, -7.89531507e-03, 3.12463734e-02, -5.12215542e-03,
       1.00768149e-01, -5.66907087e-03, 1.64763624e-04, -3.37478647e-04,
       2.04951569e-01, -6.45216461e-03, 2.56349129e-04, -4.45199013e-03,
       -1.42175390e-03, -1.46223570e-03, -3.84686794e-03, 1.54040667e-04,
       1.17869578e-01, -3.12423287e-03, -5.61718072e-04, -2.34611938e-03,
       -4.13520448e-03, -2.71437410e-03, -1.00530648e-04,
       -1.83783495e-03, -7.51379470e-04, -2.11178698e-03, 1.14441290e-03,
       1.73132010e-02, -1.17204827e-03, -5.61707048e-03, -3.64293694e-03,
       -7.96310045e-03, -6.32252404e-03, -6.15006639e-03,
       -9.31039378e-02, -2.74402440e-01, 7.41993263e-03, -5.61092095e-03,
       -2.81505361e-02, -3.95842874e-03, -8.61957818e-02, 1.21791929e-03,
       -4.35866183e-03, -1.00447680e-03, -1.83735147e-01, 2.27095094e-03,
       4.81957279e-04, 1.84113633e-05, -3.72829731e-03, 8.97605729e-04,
       -1.57346658e-03, -4.33808751e-03, -1.16111912e-01, 1.33827829e-03,
       -2.41505288e-04, 9.85989114e-04, 2.53275241e-04, -6.05739187e-03,
       9.51988623e-04, 1.12253614e-03, 1.08780246e-03, -5.65712980e-04,
       -4.44837054e-03, -4.65202332e-02, 2.56346277e-04, -1.36032712e-03,
       1.00042322e-03, -1.05565628e-02, -7.44804798e-04, 1.14155433e-03,
       -5.33733070e-02, 5.42187214e-01, 1.67411696e-02, 7.44284689e-03,
       -2.97555402e-02, -9.83602018e-04, -9.83967036e-02, 4.66036098e-03,
       -2.63090711e-03, -2.29239906e-03, -1.74083278e-01, 4.58304910e-03,
       1.36196334e-03, 1.73659576e-03, -2.05347943e-03, 2.08663149e-03,
       6.03368680e-04, -2.46039592e-03, -1.04976662e-01, 1.96993467e-03,
       1.60405136e-04, 1.09328283e-03, 8.96215497e-04, -3.65030905e-03,
       1.18600007e-03, 1.18724129e-03, 1.38978625e-03, 4.14552516e-04,
