%YAML:1.0
---
data: !!opencv-matrix
   rows: 36
   cols: 144
   dt: f
   data: [ 4.64369766e-02, 2.96894740e-02, -4.28991504e-02,
       1.26000438e-02, -1.46224946e-01, 1.15591194e-02, 3.97651410e-03,
       2.70050485e-03, -2.77532786e-01, 9.75428615e-03, 4.08647442e-03,
       7.31427874e-03, 8.14383035e-04, 3.82818282e-03, 3.57777206e-03,
       -8.10848025e-04, -1.88062251e-01, 5.54293068e-03, 3.07513564e-03,
       4.13967855e-03, 5.16872294e-03, 1.76376035e-03, 1.25375506e-03,
       4.20489721e-03, 3.69386887e-03, 3.62347276e-03, 2.00960087e-03,
       -6.03772253e-02, 1.59523648e-03, 1.12869525e-02, 5.37134567e-03,
       1.27419205e-02, 1.02348942e-02, 6.96240598e-03, 2.91960333e-02,
       4.67705935e-01, 5.63169383e-02, 4.17024754e-02, -3.39045897e-02,
       1.37698427e-02, -1.35178015e-01, 1.40672028e-02, 5.18154679e-03,
       5.15791634e-03, -2.60755152e-01, 9.27436817e-03, 5.89928776e-03,
       7.76128238e-03, 1.65516476e-03, 4.99903457e-03, 4.44494188e-03,
       1.02281780e-03, -1.77783072e-01, 6.05784357e-03, 4.08849027e-03,
       4.93553141e-03, 5.82011510e-03, 3.64473928e-03, 1.45923882e-03,
       4.84814402e-03, 4.78158984e-03, 4.28167079e-03, 3.53878899e-03,
       -5.51442392e-02, 1.47558784e-03, 1.47196697e-02, 6.17443537e-03,
       1.40817305e-02, 1.22101987e-02, 7.39349425e-03, 3.83248702e-02,
       3.53678852e-01, 5.01890667e-02, 3.49772535e-02, -3.14605124e-02,
       1.23089189e-02, -1.26194045e-01, 1.25892153e-02, 4.23982739e-03,
       3.48375412e-03, -2.34172061e-01, 8.18243343e-03, 4.28886898e-03,
       6.83039660e-03, 6.50752103e-04, 3.39031406e-03, 2.64249300e-03,
       1.08589279e-03, -1.59457520e-01, 5.35313785e-03, 2.55513587e-03,
       4.16250341e-03, 5.25183277e-03, 3.51441791e-03, 1.19082688e-03,
       4.54678806e-03, 3.49644432e-03, 3.49834072e-03, 2.98003131e-03,
       -5.30601144e-02, 1.60835625e-03, 1.10284239e-02, 5.45301940e-03,
       1.29287215e-02, 1.08185802e-02, 6.13491982e-03, 2.93980204e-02,
       3.45577836e-01, 5.48269190e-02, 4.04827707e-02, -2.87880618e-02,
       1.34255337e-02, -1.15452088e-01, 1.33139724e-02, 6.21003984e-03,
       4.90360521e-03, -2.08053455e-01, 8.58949497e-03, 4.45446745e-03,
       6.92145480e-03, 5.24723844e-04, 4.75396123e-03, 3.83455027e-03,
       8.59401887e-04, -1.43573165e-01, 5.58781857e-03, 3.19055212e-03,
       4.87264618e-03, 5.58357406e-03, 2.41681701e-03, 1.54379464e-03,
       4.44986112e-03, 4.61082580e-03, 3.89595190e-03, 2.87018786e-03,
       -5.00884727e-02, 1.25325553e-03, 1.03679486e-02, 6.15119608e-03,
       1.18341921e-02, 1.14439130e-02, 6.91812625e-03, 3.26810330e-02,
       2.63192654e-01, -1.02243431e-01, -1.12167135e-01, 6.79105427e-03,
       -3.94462682e-02, 1.01549156e-01, -2.47568581e-02, -1.77864674e-02,
       -1.70705747e-02, 1.91887990e-01, -2.14258842e-02, -1.25088627e-02,
       -2.10859049e-02, -1.51646277e-02, -1.25499554e-02,
       -1.19418399e-02, -1.40597178e-02, 1.23143442e-01, -1.07437791e-02,
       -1.37552014e-02, -9.78429243e-03, -1.09843835e-02,
       -1.85842440e-02, -3.83624039e-03, -1.01377508e-02,
       -1.42407957e-02, -1.35592585e-02, -1.90911740e-02, 1.62265059e-02,
       -3.85747198e-03, -4.81288470e-02, -1.13673965e-02,
       -4.55083065e-02, -3.04422174e-02, -2.31512394e-02,
       -1.95516601e-01, 4.65297729e-01, -9.12716389e-02, -9.73365903e-02,
       2.26275399e-02, -3.45282853e-02, 1.17005982e-01, -2.37621255e-02,
       -1.46940080e-02, -1.45682218e-02, 2.10970178e-01, -2.20084302e-02,
       -1.13704959e-02, -1.88493542e-02, -9.31353308e-03,
       -1.01930127e-02, -1.09339263e-02, -1.11888200e-02, 1.44095004e-01,
       -1.06913960e-02, -1.13524729e-02, -9.08112153e-03,
       -1.05687501e-02, -1.50557095e-02, -3.86460288e-03,
       -9.12009738e-03, -1.18443705e-02, -1.16556287e-02,
       -1.58259794e-02, 3.20921950e-02, -4.03013872e-03, -6.75575212e-02,
       -1.08128460e-02, -3.79522257e-02, -2.88031623e-02,
       -2.13325676e-02, -1.83274806e-01, 3.06052893e-01, -9.42371562e-02,
       -1.02228738e-01, 2.47780867e-02, -3.60805728e-02, 1.32208169e-01,
       -2.38252170e-02, -1.57207064e-02, -1.54092200e-02, 2.38833696e-01,
       -2.06447672e-02, -1.24270413e-02, -1.87063552e-02,
       -1.15027390e-02, -1.15578435e-02, -1.15134353e-02,
       -1.09529607e-02, 1.51609778e-01, -1.06770750e-02, -1.10292146e-02,
       -9.70585737e-03, -1.10860625e-02, -1.69110373e-02,
       -3.65423737e-03, -9.90612619e-03, -1.24304937e-02,
       -1.19687440e-02, -1.66382920e-02, 3.53371799e-02, -5.04188519e-03,
       -4.60775234e-02, -1.23222042e-02, -3.97862457e-02,
       -3.02434955e-02, -2.05209833e-02, -1.81283072e-01, 2.51326174e-01,
       -8.70029777e-02, -8.90426859e-02, 3.68735269e-02, -3.15755606e-02,
       1.42577469e-01, -2.32951324e-02, -1.19305467e-02, -1.29908957e-02,
       2.32193023e-01, -2.15402339e-02, -1.07365921e-02, -1.71191711e-02,
       -7.34678283e-03, -1.08062867e-02, -1.02672474e-02,
       -7.98747875e-03, 1.59697548e-01, -1.05289640e-02, -9.95636918e-03,
       -9.60004516e-03, -1.00519853e-02, -1.33725926e-02,
       -3.31077399e-03, -9.15562827e-03, -1.08362334e-02,
       -1.13671059e-02, -1.37782637e-02, 4.64045852e-02, -4.34581423e-03,
       -5.43975644e-02, -1.17574809e-02, -3.57535407e-02,
       -2.81758364e-02, -1.96846034e-02, -1.76735118e-01, 1.56699553e-01,
       -5.55229336e-02, -6.46805167e-02, -3.37374620e-02,
       -3.69918020e-03, -3.04786451e-02, -1.47493165e-02,
       -2.79141194e-03, -1.11781759e-02, -1.78628284e-02,
       -1.72856229e-03, -7.06643099e-03, 1.45508572e-02, -2.26824428e-03,
       -7.88038969e-03, -7.51535408e-03, 1.65906397e-03, 1.51082864e-02,
       -3.77997174e-03, -9.11349617e-03, 6.18532125e-04, -3.63019458e-03,
       -7.70510873e-03, -3.12856399e-03, 1.12407152e-02, -7.85341207e-03,
       -8.52377620e-03, -8.11741035e-03, -1.15160355e-02, 9.44629498e-03,
       3.43113393e-01, -2.29047704e-03, 4.89021726e-02, -1.52034676e-02,
       4.13731812e-03, -1.14627108e-01, 7.88615458e-03, -5.79077564e-02,
       -6.81662410e-02, -3.60929370e-02, -1.36767551e-02,
       -3.63044627e-02, -1.41718090e-02, -1.04094483e-02,
       -1.12924455e-02, -5.19275628e-02, 1.78482686e-03, -5.90396486e-03,
       1.95462769e-03, -8.80231208e-04, -8.12290050e-03, -5.31380158e-03,
       7.44301244e-04, -2.79233065e-02, -3.63176828e-03, -8.71644635e-03,
       -6.79474848e-04, -3.68186249e-03, -1.09450584e-02,
       -3.02821374e-03, -1.36808772e-03, -8.50752834e-03,
       -8.37597158e-03, -1.18278125e-02, -4.07362282e-02, 6.74286298e-03,
       6.20754600e-01, -2.84248451e-03, 1.19089531e-02, -1.64929945e-02,
       -9.02360480e-04, -1.50868222e-01, -2.32068673e-02,
       -5.20327911e-02, -5.22070490e-02, -2.73433253e-02,
       -9.21530358e-04, -5.79396309e-03, -1.24358581e-02,
       -4.54506226e-04, -1.01217031e-02, 1.90153364e-02, -6.92212209e-03,
       -7.92587455e-03, 1.35595361e-02, -7.34954607e-03, -7.70815089e-03,
       -8.05761665e-03, -5.19404886e-03, 1.51374601e-02, -3.10001499e-03,
       -7.70526938e-03, 5.01741003e-03, -2.94520706e-03, -7.74868391e-03,
       -3.00622452e-03, 9.24381241e-03, -8.08647648e-03, -7.37605989e-03,
       -7.22847646e-03, -8.31144210e-03, 1.49090150e-02, 3.47389013e-01,
       -1.08442048e-03, 2.15545744e-02, -1.52527988e-02, -6.78101368e-03,
       -1.29687279e-01, -3.30780856e-02, -4.83329967e-02,
       -5.51686250e-02, -2.61592232e-02, -1.03567997e-02,
       -1.30889360e-02, -1.15881376e-02, -7.24235503e-03,
       -6.71386113e-03, -1.93985403e-02, -7.62372836e-03,
       -7.27164699e-03, 1.01117790e-03, -3.42745148e-03, -7.94282369e-03,
       -6.98785018e-03, -4.08140523e-03, -1.71478335e-02,
       -3.24893510e-03, -8.53568595e-03, 8.90820753e-03, -2.78750481e-03,
       -7.66999274e-03, -3.08532431e-03, -1.18829135e-03,
